,Unnamed: 0,행정구역,생활밀접업종,2018년 1분기전체점포수,2018년 1분기프랜차이즈점포수,2018년 1분기일반점포수,2019년 1분기전체점포수,2019년 1분기프랜차이즈점포수,2019년 1분기일반점포수,2020년 1분기전체점포수,2020년 1분기프랜차이즈점포수,2020년 1분기일반점포수,2018년 2분기전체점포수,2018년 2분기프랜차이즈점포수,2018년 2분기일반점포수,2019년 2분기전체점포수,2019년 2분기프랜차이즈점포수,2019년 2분기일반점포수,2020년 2분기전체점포수,2020년 2분기프랜차이즈점포수,2020년 2분기일반점포수
0,0,가락1동,외식업/한식음식점외식업/중식음식점외식업/일식음식점외식업/양식음식점외식업/제과점외식업/패스트푸드점외식업/커피-음료,149,6,143,154,6,148,142,13,129,150,6,144,162,8,154,149,15,134
1,1,가락2동,외식업/한식음식점외식업/중식음식점외식업/일식음식점외식업/양식음식점외식업/제과점외식업/패스트푸드점외식업/커피-음료,223,39,184,215,38,177,220,38,182,220,39,181,218,39,179,220,38,182
2,2,가락본동,외식업/한식음식점외식업/중식음식점외식업/일식음식점외식업/양식음식점외식업/제과점외식업/패스트푸드점외식업/커피-음료,474,88,386,478,88,390,498,105,393,473,84,389,483,87,396,499,104,395
3,3,가리봉동,외식업/한식음식점외식업/중식음식점외식업/일식음식점외식업/양식음식점외식업/제과점외식업/패스트푸드점외식업/커피-음료,197,8,189,182,5,177,171,6,165,189,5,184,186,5,181,172,5,167
4,4,가산동,외식업/한식음식점외식업/중식음식점외식업/일식음식점외식업/양식음식점외식업/제과점외식업/패스트푸드점외식업/커피-음료,909,215,694,917,211,706,979,250,729,892,206,686,941,215,726,981,256,725
5,5,가양1동,외식업/한식음식점외식업/중식음식점외식업/일식음식점외식업/양식음식점외식업/제과점외식업/패스트푸드점외식업/커피-음료,621,151,470,762,177,585,851,226,625,664,159,505,778,174,604,875,228,647
6,6,가양2동,외식업/한식음식점외식업/중식음식점외식업/일식음식점외식업/양식음식점외식업/제과점외식업/패스트푸드점외식업/커피-음료,57,19,38,58,19,39,61,21,40,56,19,37,58,21,37,60,21,39
7,7,가양3동,외식업/한식음식점외식업/중식음식점외식업/일식음식점외식업/양식음식점외식업/제과점외식업/패스트푸드점외식업/커피-음료,38,12,26,35,10,25,40,13,27,35,11,24,35,10,25,39,13,26
8,8,가회동,외식업/한식음식점외식업/중식음식점외식업/일식음식점외식업/양식음식점외식업/제과점외식업/패스트푸드점외식업/커피-음료,186,24,162,179,23,156,185,30,155,182,24,158,179,23,156,185,30,155
9,9,갈현1동,외식업/한식음식점외식업/중식음식점외식업/일식음식점외식업/양식음식점외식업/제과점외식업/패스트푸드점외식업/커피-음료,271,50,221,270,44,226,289,51,238,267,48,219,282,45,237,288,51,237
10,10,갈현2동,외식업/한식음식점외식업/중식음식점외식업/일식음식점외식업/양식음식점외식업/제과점외식업/패스트푸드점외식업/커피-음료,254,39,215,253,33,220,263,39,224,252,38,214,249,33,216,266,39,227
11,11,강일동,외식업/한식음식점외식업/중식음식점외식업/일식음식점외식업/양식음식점외식업/제과점외식업/패스트푸드점외식업/커피-음료,68,23,45,72,22,50,77,25,52,70,22,48,72,22,50,78,23,55
12,12,개봉1동,외식업/한식음식점외식업/중식음식점외식업/일식음식점외식업/양식음식점외식업/제과점외식업/패스트푸드점외식업/커피-음료,222,34,188,222,32,190,221,29,192,216,32,184,227,33,194,221,30,191
13,13,개봉2동,외식업/한식음식점외식업/중식음식점외식업/일식음식점외식업/양식음식점외식업/제과점외식업/패스트푸드점외식업/커피-음료,127,31,96,122,28,94,122,29,93,125,30,95,127,30,97,124,31,93
14,14,개봉3동,외식업/한식음식점외식업/중식음식점외식업/일식음식점외식업/양식음식점외식업/제과점외식업/패스트푸드점외식업/커피-음료,130,13,117,123,11,112,129,17,112,130,12,118,131,12,119,131,18,113
15,15,개포1동,외식업/한식음식점외식업/중식음식점외식업/일식음식점외식업/양식음식점외식업/제과점외식업/패스트푸드점외식업/커피-음료,16,0,16,14,0,14,9,0,9,16,0,16,12,0,12,10,0,10
16,16,개포2동,외식업/한식음식점외식업/중식음식점외식업/일식음식점외식업/양식음식점외식업/제과점외식업/패스트푸드점외식업/커피-음료,113,30,83,109,28,81,104,27,77,111,29,82,108,28,80,104,28,76
17,17,개포4동,외식업/한식음식점외식업/중식음식점외식업/일식음식점외식업/양식음식점외식업/제과점외식업/패스트푸드점외식업/커피-음료,193,21,172,187,22,165,183,26,157,190,20,170,186,22,164,183,27,156
18,18,거여1동,외식업/한식음식점외식업/중식음식점외식업/일식음식점외식업/양식음식점외식업/제과점외식업/패스트푸드점외식업/커피-음료,86,18,68,83,16,67,86,14,72,86,18,68,83,15,68,86,13,73
19,19,거여2동,외식업/한식음식점외식업/중식음식점외식업/일식음식점외식업/양식음식점외식업/제과점외식업/패스트푸드점외식업/커피-음료,86,16,70,87,14,73,87,14,73,83,15,68,89,14,75,87,14,73
20,20,고덕1동,외식업/한식음식점외식업/중식음식점외식업/일식음식점외식업/양식음식점외식업/제과점외식업/패스트푸드점외식업/커피-음료,70,14,56,78,15,63,81,15,66,69,14,55,78,15,63,85,16,69
21,21,고덕2동,외식업/한식음식점외식업/중식음식점외식업/일식음식점외식업/양식음식점외식업/제과점외식업/패스트푸드점외식업/커피-음료,71,4,67,63,3,60,70,11,59,69,4,65,60,4,56,82,13,69
22,22,고척1동,외식업/한식음식점외식업/중식음식점외식업/일식음식점외식업/양식음식점외식업/제과점외식업/패스트푸드점외식업/커피-음료,232,56,176,227,57,170,219,62,157,233,57,176,220,55,165,216,61,155
23,23,고척2동,외식업/한식음식점외식업/중식음식점외식업/일식음식점외식업/양식음식점외식업/제과점외식업/패스트푸드점외식업/커피-음료,150,13,137,159,16,143,149,16,133,155,13,142,156,16,140,153,16,137
24,24,공덕동,외식업/한식음식점외식업/중식음식점외식업/일식음식점외식업/양식음식점외식업/제과점외식업/패스트푸드점외식업/커피-음료,197,33,164,196,29,167,205,37,168,195,32,163,200,28,172,202,35,167
25,25,공릉1동,외식업/한식음식점외식업/중식음식점외식업/일식음식점외식업/양식음식점외식업/제과점외식업/패스트푸드점외식업/커피-음료,407,51,356,425,54,371,449,58,391,411,51,360,424,51,373,452,57,395
26,26,공릉2동,외식업/한식음식점외식업/중식음식점외식업/일식음식점외식업/양식음식점외식업/제과점외식업/패스트푸드점외식업/커피-음료,283,71,212,302,73,229,311,78,233,284,69,215,307,68,239,311,77,234
27,27,공항동,외식업/한식음식점외식업/중식음식점외식업/일식음식점외식업/양식음식점외식업/제과점외식업/패스트푸드점외식업/커피-음료,289,53,236,286,52,234,290,72,218,287,54,233,285,53,232,293,68,225
28,28,광장동,외식업/한식음식점외식업/중식음식점외식업/일식음식점외식업/양식음식점외식업/제과점외식업/패스트푸드점외식업/커피-음료,183,30,153,181,31,150,180,39,141,188,31,157,178,31,147,184,41,143
29,29,광희동,외식업/한식음식점외식업/중식음식점외식업/일식음식점외식업/양식음식점외식업/제과점외식업/패스트푸드점외식업/커피-음료,614,82,532,597,80,517,621,99,522,615,80,535,594,83,511,620,97,523
30,30,교남동,외식업/한식음식점외식업/중식음식점외식업/일식음식점외식업/양식음식점외식업/제과점외식업/패스트푸드점외식업/커피-음료,73,13,60,83,20,63,83,23,60,81,16,65,83,20,63,87,21,66
31,31,구로1동,외식업/한식음식점외식업/중식음식점외식업/일식음식점외식업/양식음식점외식업/제과점외식업/패스트푸드점외식업/커피-음료,59,18,41,68,19,49,64,19,45,61,18,43,66,19,47,64,19,45
32,32,구로2동,외식업/한식음식점외식업/중식음식점외식업/일식음식점외식업/양식음식점외식업/제과점외식업/패스트푸드점외식업/커피-음료,479,39,440,468,41,427,466,42,424,472,39,433,467,41,426,470,42,428
33,33,구로3동,외식업/한식음식점외식업/중식음식점외식업/일식음식점외식업/양식음식점외식업/제과점외식업/패스트푸드점외식업/커피-음료,642,169,473,649,167,482,669,186,483,645,171,474,651,160,491,665,184,481
34,34,구로4동,외식업/한식음식점외식업/중식음식점외식업/일식음식점외식업/양식음식점외식업/제과점외식업/패스트푸드점외식업/커피-음료,294,33,261,297,36,261,300,40,260,289,35,254,296,38,258,299,41,258
35,35,구로5동,외식업/한식음식점외식업/중식음식점외식업/일식음식점외식업/양식음식점외식업/제과점외식업/패스트푸드점외식업/커피-음료,454,80,374,443,75,368,430,82,348,448,80,368,444,75,369,440,82,358
36,36,구산동,외식업/한식음식점외식업/중식음식점외식업/일식음식점외식업/양식음식점외식업/제과점외식업/패스트푸드점외식업/커피-음료,91,13,78,93,15,78,105,17,88,93,15,78,101,18,83,111,19,92
37,37,구의1동,외식업/한식음식점외식업/중식음식점외식업/일식음식점외식업/양식음식점외식업/제과점외식업/패스트푸드점외식업/커피-음료,290,38,252,305,38,267,314,50,264,298,38,260,307,37,270,321,51,270
38,38,구의2동,외식업/한식음식점외식업/중식음식점외식업/일식음식점외식업/양식음식점외식업/제과점외식업/패스트푸드점외식업/커피-음료,168,18,150,172,19,153,190,26,164,172,19,153,177,21,156,190,26,164
39,39,구의3동,외식업/한식음식점외식업/중식음식점외식업/일식음식점외식업/양식음식점외식업/제과점외식업/패스트푸드점외식업/커피-음료,323,65,258,339,69,270,351,81,270,328,67,261,341,69,272,350,80,270
40,40,군자동,외식업/한식음식점외식업/중식음식점외식업/일식음식점외식업/양식음식점외식업/제과점외식업/패스트푸드점외식업/커피-음료,235,40,195,245,41,204,266,51,215,235,41,194,253,44,209,273,52,221
41,41,금호1가동,외식업/한식음식점외식업/중식음식점외식업/일식음식점외식업/양식음식점외식업/제과점외식업/패스트푸드점외식업/커피-음료,45,7,38,49,8,41,51,9,42,45,7,38,48,9,39,51,8,43
42,42,금호2.3가동,외식업/한식음식점외식업/중식음식점외식업/일식음식점외식업/양식음식점외식업/제과점외식업/패스트푸드점외식업/커피-음료,143,24,119,156,23,133,154,21,133,154,23,131,161,24,137,156,20,136
43,43,금호4가동,외식업/한식음식점외식업/중식음식점외식업/일식음식점외식업/양식음식점외식업/제과점외식업/패스트푸드점외식업/커피-음료,73,9,64,82,11,71,89,12,77,76,13,63,81,11,70,83,11,72
44,44,길동,외식업/한식음식점외식업/중식음식점외식업/일식음식점외식업/양식음식점외식업/제과점외식업/패스트푸드점외식업/커피-음료,499,81,418,498,75,423,527,89,438,502,75,427,503,76,427,527,87,440
45,45,길음1동,외식업/한식음식점외식업/중식음식점외식업/일식음식점외식업/양식음식점외식업/제과점외식업/패스트푸드점외식업/커피-음료,111,30,81,114,34,80,104,32,72,108,29,79,114,31,83,104,33,71
46,46,길음2동,외식업/한식음식점외식업/중식음식점외식업/일식음식점외식업/양식음식점외식업/제과점외식업/패스트푸드점외식업/커피-음료,85,16,69,83,16,67,95,24,71,87,16,71,82,17,65,96,25,71
47,47,낙성대동,외식업/한식음식점외식업/중식음식점외식업/일식음식점외식업/양식음식점외식업/제과점외식업/패스트푸드점외식업/커피-음료,368,54,314,394,51,343,419,58,361,378,56,322,403,53,350,419,59,360
48,48,난곡동,외식업/한식음식점외식업/중식음식점외식업/일식음식점외식업/양식음식점외식업/제과점외식업/패스트푸드점외식업/커피-음료,78,16,62,76,14,62,82,18,64,77,15,62,75,16,59,82,17,65
49,49,난향동,외식업/한식음식점외식업/중식음식점외식업/일식음식점외식업/양식음식점외식업/제과점외식업/패스트푸드점외식업/커피-음료,25,7,18,24,5,19,22,4,18,24,5,19,26,5,21,21,4,17
50,50,남가좌1동,외식업/한식음식점외식업/중식음식점외식업/일식음식점외식업/양식음식점외식업/제과점외식업/패스트푸드점외식업/커피-음료,109,18,91,101,17,84,106,20,86,107,18,89,104,17,87,108,21,87
51,51,남가좌2동,외식업/한식음식점외식업/중식음식점외식업/일식음식점외식업/양식음식점외식업/제과점외식업/패스트푸드점외식업/커피-음료,212,31,181,217,32,185,224,38,186,216,32,184,219,32,187,229,42,187
52,52,남영동,외식업/한식음식점외식업/중식음식점외식업/일식음식점외식업/양식음식점외식업/제과점외식업/패스트푸드점외식업/커피-음료,390,63,327,397,68,329,429,95,334,393,65,328,400,68,332,432,95,337
53,53,남현동,외식업/한식음식점외식업/중식음식점외식업/일식음식점외식업/양식음식점외식업/제과점외식업/패스트푸드점외식업/커피-음료,163,29,134,164,27,137,181,34,147,162,28,134,168,28,140,182,35,147
54,54,내곡동,외식업/한식음식점외식업/중식음식점외식업/일식음식점외식업/양식음식점외식업/제과점외식업/패스트푸드점외식업/커피-음료,77,8,69,83,10,73,83,7,76,83,8,75,81,9,72,86,8,78
55,55,노량진1동,외식업/한식음식점외식업/중식음식점외식업/일식음식점외식업/양식음식점외식업/제과점외식업/패스트푸드점외식업/커피-음료,416,73,343,409,72,337,405,87,318,418,72,346,408,70,338,395,85,310
56,56,노량진2동,외식업/한식음식점외식업/중식음식점외식업/일식음식점외식업/양식음식점외식업/제과점외식업/패스트푸드점외식업/커피-음료,210,16,194,215,17,198,209,22,187,210,18,192,218,17,201,242,23,219
57,57,녹번동,외식업/한식음식점외식업/중식음식점외식업/일식음식점외식업/양식음식점외식업/제과점외식업/패스트푸드점외식업/커피-음료,228,33,195,222,30,192,231,36,195,229,33,196,223,30,193,240,36,204
58,58,논현1동,외식업/한식음식점외식업/중식음식점외식업/일식음식점외식업/양식음식점외식업/제과점외식업/패스트푸드점외식업/커피-음료,699,96,603,698,90,608,740,113,627,700,95,605,702,89,613,746,113,633
59,59,논현2동,외식업/한식음식점외식업/중식음식점외식업/일식음식점외식업/양식음식점외식업/제과점외식업/패스트푸드점외식업/커피-음료,865,123,742,864,121,743,923,151,772,868,125,743,868,122,746,937,155,782
60,60,능동,외식업/한식음식점외식업/중식음식점외식업/일식음식점외식업/양식음식점외식업/제과점외식업/패스트푸드점외식업/커피-음료,108,23,85,104,20,84,106,25,81,102,19,83,103,20,83,104,26,78
61,61,다산동,외식업/한식음식점외식업/중식음식점외식업/일식음식점외식업/양식음식점외식업/제과점외식업/패스트푸드점외식업/커피-음료,138,21,117,135,20,115,152,23,129,136,20,116,137,19,118,157,24,133
62,62,답십리1동,외식업/한식음식점외식업/중식음식점외식업/일식음식점외식업/양식음식점외식업/제과점외식업/패스트푸드점외식업/커피-음료,170,25,145,169,27,142,189,30,159,167,24,143,170,27,143,191,31,160
63,63,답십리2동,외식업/한식음식점외식업/중식음식점외식업/일식음식점외식업/양식음식점외식업/제과점외식업/패스트푸드점외식업/커피-음료,127,12,115,127,15,112,140,15,125,121,13,108,132,15,117,136,15,121
64,64,당산1동,외식업/한식음식점외식업/중식음식점외식업/일식음식점외식업/양식음식점외식업/제과점외식업/패스트푸드점외식업/커피-음료,422,48,374,432,50,382,433,53,380,431,48,383,431,47,384,446,57,389
65,65,당산2동,외식업/한식음식점외식업/중식음식점외식업/일식음식점외식업/양식음식점외식업/제과점외식업/패스트푸드점외식업/커피-음료,301,83,218,316,72,244,325,81,244,313,82,231,315,68,247,322,77,245
66,66,대림1동,외식업/한식음식점외식업/중식음식점외식업/일식음식점외식업/양식음식점외식업/제과점외식업/패스트푸드점외식업/커피-음료,151,24,127,142,25,117,145,26,119,149,26,123,142,24,118,141,25,116
67,67,대림2동,외식업/한식음식점외식업/중식음식점외식업/일식음식점외식업/양식음식점외식업/제과점외식업/패스트푸드점외식업/커피-음료,330,17,313,304,17,287,290,15,275,320,16,304,297,16,281,285,14,271
68,68,대림3동,외식업/한식음식점외식업/중식음식점외식업/일식음식점외식업/양식음식점외식업/제과점외식업/패스트푸드점외식업/커피-음료,258,20,238,258,19,239,247,19,228,260,20,240,254,18,236,249,18,231
69,69,대방동,외식업/한식음식점외식업/중식음식점외식업/일식음식점외식업/양식음식점외식업/제과점외식업/패스트푸드점외식업/커피-음료,187,42,145,198,45,153,201,48,153,187,42,145,203,46,157,201,46,155
70,70,대조동,외식업/한식음식점외식업/중식음식점외식업/일식음식점외식업/양식음식점외식업/제과점외식업/패스트푸드점외식업/커피-음료,375,52,323,374,51,323,374,58,316,378,50,328,377,52,325,379,57,322
71,71,대치1동,외식업/한식음식점외식업/중식음식점외식업/일식음식점외식업/양식음식점외식업/제과점외식업/패스트푸드점외식업/커피-음료,138,38,100,137,36,101,136,41,95,141,37,104,137,35,102,137,41,96
72,72,대치2동,외식업/한식음식점외식업/중식음식점외식업/일식음식점외식업/양식음식점외식업/제과점외식업/패스트푸드점외식업/커피-음료,496,90,406,490,84,406,520,105,415,501,89,412,494,89,405,519,107,412
73,73,대치4동,외식업/한식음식점외식업/중식음식점외식업/일식음식점외식업/양식음식점외식업/제과점외식업/패스트푸드점외식업/커피-음료,623,144,479,642,142,500,675,155,520,630,145,485,647,144,503,678,158,520
74,74,대학동,외식업/한식음식점외식업/중식음식점외식업/일식음식점외식업/양식음식점외식업/제과점외식업/패스트푸드점외식업/커피-음료,387,66,321,373,66,307,377,60,317,384,64,320,378,65,313,375,61,314
75,75,대흥동,외식업/한식음식점외식업/중식음식점외식업/일식음식점외식업/양식음식점외식업/제과점외식업/패스트푸드점외식업/커피-음료,259,41,218,255,39,216,267,50,217,255,39,216,253,40,213,270,51,219
76,76,도곡1동,외식업/한식음식점외식업/중식음식점외식업/일식음식점외식업/양식음식점외식업/제과점외식업/패스트푸드점외식업/커피-음료,183,39,144,190,34,156,198,40,158,185,37,148,193,36,157,198,41,157
77,77,도곡2동,외식업/한식음식점외식업/중식음식점외식업/일식음식점외식업/양식음식점외식업/제과점외식업/패스트푸드점외식업/커피-음료,265,42,223,254,37,217,251,44,207,261,39,222,253,37,216,257,44,213
78,78,도림동,외식업/한식음식점외식업/중식음식점외식업/일식음식점외식업/양식음식점외식업/제과점외식업/패스트푸드점외식업/커피-음료,113,13,100,112,15,97,112,14,98,110,13,97,114,14,100,111,13,98
79,79,도봉1동,외식업/한식음식점외식업/중식음식점외식업/일식음식점외식업/양식음식점외식업/제과점외식업/패스트푸드점외식업/커피-음료,305,22,283,294,22,272,306,31,275,305,23,282,299,22,277,301,30,271
80,80,도봉2동,외식업/한식음식점외식업/중식음식점외식업/일식음식점외식업/양식음식점외식업/제과점외식업/패스트푸드점외식업/커피-음료,165,7,158,155,8,147,148,7,141,163,8,155,157,8,149,146,6,140
81,81,도화동,외식업/한식음식점외식업/중식음식점외식업/일식음식점외식업/양식음식점외식업/제과점외식업/패스트푸드점외식업/커피-음료,290,52,238,287,52,235,310,59,251,288,52,236,296,52,244,310,59,251
82,82,독산1동,외식업/한식음식점외식업/중식음식점외식업/일식음식점외식업/양식음식점외식업/제과점외식업/패스트푸드점외식업/커피-음료,350,54,296,351,58,293,381,73,308,344,53,291,358,56,302,379,73,306
83,83,독산2동,외식업/한식음식점외식업/중식음식점외식업/일식음식점외식업/양식음식점외식업/제과점외식업/패스트푸드점외식업/커피-음료,127,18,109,125,18,107,130,21,109,128,20,108,123,18,105,132,21,111
84,84,독산3동,외식업/한식음식점외식업/중식음식점외식업/일식음식점외식업/양식음식점외식업/제과점외식업/패스트푸드점외식업/커피-음료,243,17,226,236,17,219,243,21,222,244,18,226,239,18,221,240,19,221
85,85,독산4동,외식업/한식음식점외식업/중식음식점외식업/일식음식점외식업/양식음식점외식업/제과점외식업/패스트푸드점외식업/커피-음료,130,16,114,130,12,118,136,19,117,131,16,115,132,12,120,142,20,122
86,86,돈암1동,외식업/한식음식점외식업/중식음식점외식업/일식음식점외식업/양식음식점외식업/제과점외식업/패스트푸드점외식업/커피-음료,27,5,22,26,7,19,22,5,17,26,5,21,26,7,19,21,5,16
87,87,돈암2동,외식업/한식음식점외식업/중식음식점외식업/일식음식점외식업/양식음식점외식업/제과점외식업/패스트푸드점외식업/커피-음료,6,1,5,6,1,5,5,1,4,6,1,5,6,1,5,7,1,6
88,88,동선동,외식업/한식음식점외식업/중식음식점외식업/일식음식점외식업/양식음식점외식업/제과점외식업/패스트푸드점외식업/커피-음료,433,86,347,442,76,366,443,86,357,441,83,358,445,72,373,446,85,361
89,89,동화동,외식업/한식음식점외식업/중식음식점외식업/일식음식점외식업/양식음식점외식업/제과점외식업/패스트푸드점외식업/커피-음료,76,11,65,76,11,65,87,13,74,75,11,64,82,13,69,85,13,72
90,90,둔촌1동,외식업/한식음식점외식업/중식음식점외식업/일식음식점외식업/양식음식점외식업/제과점외식업/패스트푸드점외식업/커피-음료,2,0,2,2,0,2,4,0,4,2,0,2,2,0,2,4,0,4
91,91,둔촌2동,외식업/한식음식점외식업/중식음식점외식업/일식음식점외식업/양식음식점외식업/제과점외식업/패스트푸드점외식업/커피-음료,208,32,176,209,31,178,199,29,170,205,33,172,202,29,173,202,28,174
92,92,등촌1동,외식업/한식음식점외식업/중식음식점외식업/일식음식점외식업/양식음식점외식업/제과점외식업/패스트푸드점외식업/커피-음료,241,51,190,245,48,197,257,57,200,241,51,190,247,46,201,262,61,201
93,93,등촌2동,외식업/한식음식점외식업/중식음식점외식업/일식음식점외식업/양식음식점외식업/제과점외식업/패스트푸드점외식업/커피-음료,87,24,63,80,19,61,84,21,63,86,24,62,81,19,62,90,20,70
94,94,등촌3동,외식업/한식음식점외식업/중식음식점외식업/일식음식점외식업/양식음식점외식업/제과점외식업/패스트푸드점외식업/커피-음료,306,79,227,306,76,230,299,82,217,307,77,230,315,77,238,303,85,218
95,95,마장동,외식업/한식음식점외식업/중식음식점외식업/일식음식점외식업/양식음식점외식업/제과점외식업/패스트푸드점외식업/커피-음료,162,11,151,158,12,146,161,15,146,162,11,151,162,13,149,162,14,148
96,96,마천1동,외식업/한식음식점외식업/중식음식점외식업/일식음식점외식업/양식음식점외식업/제과점외식업/패스트푸드점외식업/커피-음료,104,9,95,102,10,92,100,14,86,103,10,93,105,12,93,98,13,85
97,97,마천2동,외식업/한식음식점외식업/중식음식점외식업/일식음식점외식업/양식음식점외식업/제과점외식업/패스트푸드점외식업/커피-음료,166,22,144,163,22,141,157,23,134,164,21,143,162,23,139,161,23,138
98,98,망우3동,외식업/한식음식점외식업/중식음식점외식업/일식음식점외식업/양식음식점외식업/제과점외식업/패스트푸드점외식업/커피-음료,100,9,91,97,10,87,99,11,88,99,9,90,99,10,89,96,11,85
99,99,망우본동,외식업/한식음식점외식업/중식음식점외식업/일식음식점외식업/양식음식점외식업/제과점외식업/패스트푸드점외식업/커피-음료,363,55,308,362,53,309,369,51,318,358,54,304,367,53,314,370,52,318
100,100,망원1동,외식업/한식음식점외식업/중식음식점외식업/일식음식점외식업/양식음식점외식업/제과점외식업/패스트푸드점외식업/커피-음료,300,23,277,318,21,297,348,19,329,313,24,289,334,20,314,361,19,342
101,101,망원2동,외식업/한식음식점외식업/중식음식점외식업/일식음식점외식업/양식음식점외식업/제과점외식업/패스트푸드점외식업/커피-음료,191,18,173,194,17,177,193,17,176,195,18,177,196,17,179,195,19,176
102,102,면목2동,외식업/한식음식점외식업/중식음식점외식업/일식음식점외식업/양식음식점외식업/제과점외식업/패스트푸드점외식업/커피-음료,192,8,184,192,7,185,212,8,204,194,9,185,201,7,194,220,7,213
103,103,면목3.8동,외식업/한식음식점외식업/중식음식점외식업/일식음식점외식업/양식음식점외식업/제과점외식업/패스트푸드점외식업/커피-음료,273,42,231,282,46,236,291,45,246,271,43,228,288,46,242,297,47,250
104,104,면목4동,외식업/한식음식점외식업/중식음식점외식업/일식음식점외식업/양식음식점외식업/제과점외식업/패스트푸드점외식업/커피-음료,111,7,104,104,8,96,100,6,94,106,7,99,103,8,95,97,7,90
105,105,면목5동,외식업/한식음식점외식업/중식음식점외식업/일식음식점외식업/양식음식점외식업/제과점외식업/패스트푸드점외식업/커피-음료,68,5,63,67,4,63,67,6,61,70,5,65,68,4,64,69,6,63
106,106,면목7동,외식업/한식음식점외식업/중식음식점외식업/일식음식점외식업/양식음식점외식업/제과점외식업/패스트푸드점외식업/커피-음료,164,16,148,157,8,149,159,10,149,163,11,152,161,9,152,164,11,153
107,107,면목본동,외식업/한식음식점외식업/중식음식점외식업/일식음식점외식업/양식음식점외식업/제과점외식업/패스트푸드점외식업/커피-음료,268,32,236,290,34,256,297,42,255,281,33,248,289,37,252,308,44,264
108,108,명동,외식업/한식음식점외식업/중식음식점외식업/일식음식점외식업/양식음식점외식업/제과점외식업/패스트푸드점외식업/커피-음료,1188,241,947,1183,241,942,1270,325,945,1183,243,940,1187,241,946,1260,323,937
109,109,명일1동,외식업/한식음식점외식업/중식음식점외식업/일식음식점외식업/양식음식점외식업/제과점외식업/패스트푸드점외식업/커피-음료,268,46,222,275,46,229,270,56,214,267,46,221,277,45,232,274,58,216
110,110,명일2동,외식업/한식음식점외식업/중식음식점외식업/일식음식점외식업/양식음식점외식업/제과점외식업/패스트푸드점외식업/커피-음료,150,40,110,152,41,111,153,50,103,151,40,111,153,41,112,156,50,106
111,111,목1동,외식업/한식음식점외식업/중식음식점외식업/일식음식점외식업/양식음식점외식업/제과점외식업/패스트푸드점외식업/커피-음료,456,127,329,436,123,313,463,146,317,450,126,324,437,125,312,465,144,321
112,112,목2동,외식업/한식음식점외식업/중식음식점외식업/일식음식점외식업/양식음식점외식업/제과점외식업/패스트푸드점외식업/커피-음료,134,15,119,137,13,124,150,15,135,135,14,121,135,13,122,151,14,137
113,113,목3동,외식업/한식음식점외식업/중식음식점외식업/일식음식점외식업/양식음식점외식업/제과점외식업/패스트푸드점외식업/커피-음료,140,24,116,152,26,126,153,31,122,145,24,121,153,26,127,153,32,121
114,114,목4동,외식업/한식음식점외식업/중식음식점외식업/일식음식점외식업/양식음식점외식업/제과점외식업/패스트푸드점외식업/커피-음료,182,28,154,191,32,159,197,34,163,183,30,153,192,32,160,196,34,162
115,115,목5동,외식업/한식음식점외식업/중식음식점외식업/일식음식점외식업/양식음식점외식업/제과점외식업/패스트푸드점외식업/커피-음료,156,37,119,149,37,112,152,44,108,154,36,118,147,39,108,153,45,108
116,116,무악동,외식업/한식음식점외식업/중식음식점외식업/일식음식점외식업/양식음식점외식업/제과점외식업/패스트푸드점외식업/커피-음료,24,4,20,27,6,21,28,7,21,24,4,20,28,6,22,28,7,21
117,117,묵1동,외식업/한식음식점외식업/중식음식점외식업/일식음식점외식업/양식음식점외식업/제과점외식업/패스트푸드점외식업/커피-음료,192,32,160,193,32,161,199,33,166,193,33,160,197,30,167,205,36,169
118,118,묵2동,외식업/한식음식점외식업/중식음식점외식업/일식음식점외식업/양식음식점외식업/제과점외식업/패스트푸드점외식업/커피-음료,157,12,145,150,11,139,155,10,145,154,12,142,152,10,142,158,10,148
119,119,문래동,외식업/한식음식점외식업/중식음식점외식업/일식음식점외식업/양식음식점외식업/제과점외식업/패스트푸드점외식업/커피-음료,436,71,365,439,73,366,470,91,379,434,73,361,442,74,368,479,94,385
120,120,문정1동,외식업/한식음식점외식업/중식음식점외식업/일식음식점외식업/양식음식점외식업/제과점외식업/패스트푸드점외식업/커피-음료,163,24,139,164,24,140,169,26,143,164,24,140,165,24,141,168,25,143
121,121,문정2동,외식업/한식음식점외식업/중식음식점외식업/일식음식점외식업/양식음식점외식업/제과점외식업/패스트푸드점외식업/커피-음료,570,158,412,632,171,461,699,203,496,606,165,441,635,168,467,706,206,500
122,122,미성동,외식업/한식음식점외식업/중식음식점외식업/일식음식점외식업/양식음식점외식업/제과점외식업/패스트푸드점외식업/커피-음료,163,31,132,168,32,136,167,30,137,166,33,133,168,32,136,166,30,136
123,123,미아동,외식업/한식음식점외식업/중식음식점외식업/일식음식점외식업/양식음식점외식업/제과점외식업/패스트푸드점외식업/커피-음료,253,29,224,253,30,223,252,32,220,256,29,227,256,31,225,259,32,227
124,124,반포1동,외식업/한식음식점외식업/중식음식점외식업/일식음식점외식업/양식음식점외식업/제과점외식업/패스트푸드점외식업/커피-음료,261,47,214,266,50,216,268,47,221,264,49,215,271,50,221,269,47,222
125,125,반포2동,외식업/한식음식점외식업/중식음식점외식업/일식음식점외식업/양식음식점외식업/제과점외식업/패스트푸드점외식업/커피-음료,35,8,27,29,6,23,29,6,23,35,7,28,28,5,23,30,5,25
126,126,반포3동,외식업/한식음식점외식업/중식음식점외식업/일식음식점외식업/양식음식점외식업/제과점외식업/패스트푸드점외식업/커피-음료,95,23,72,96,24,72,102,25,77,97,24,73,96,22,74,102,25,77
127,127,반포4동,외식업/한식음식점외식업/중식음식점외식업/일식음식점외식업/양식음식점외식업/제과점외식업/패스트푸드점외식업/커피-음료,529,109,420,514,105,409,509,113,396,523,108,415,507,100,407,518,115,403
128,128,반포본동,외식업/한식음식점외식업/중식음식점외식업/일식음식점외식업/양식음식점외식업/제과점외식업/패스트푸드점외식업/커피-음료,75,11,64,74,11,63,74,15,59,73,11,62,76,11,65,72,15,57
129,129,발산1동,외식업/한식음식점외식업/중식음식점외식업/일식음식점외식업/양식음식점외식업/제과점외식업/패스트푸드점외식업/커피-음료,205,43,162,224,41,183,296,70,226,205,42,163,245,50,195,314,76,238
130,130,방배1동,외식업/한식음식점외식업/중식음식점외식업/일식음식점외식업/양식음식점외식업/제과점외식업/패스트푸드점외식업/커피-음료,242,55,187,234,51,183,240,55,185,237,54,183,233,49,184,243,55,188
131,131,방배2동,외식업/한식음식점외식업/중식음식점외식업/일식음식점외식업/양식음식점외식업/제과점외식업/패스트푸드점외식업/커피-음료,314,51,263,313,52,261,314,50,264,314,51,263,310,49,261,314,47,267
132,132,방배3동,외식업/한식음식점외식업/중식음식점외식업/일식음식점외식업/양식음식점외식업/제과점외식업/패스트푸드점외식업/커피-음료,105,14,91,103,13,90,105,17,88,103,13,90,103,13,90,105,17,88
133,133,방배4동,외식업/한식음식점외식업/중식음식점외식업/일식음식점외식업/양식음식점외식업/제과점외식업/패스트푸드점외식업/커피-음료,271,32,239,258,31,227,274,44,230,274,33,241,257,33,224,279,45,234
134,134,방배본동,외식업/한식음식점외식업/중식음식점외식업/일식음식점외식업/양식음식점외식업/제과점외식업/패스트푸드점외식업/커피-음료,251,33,218,242,31,211,238,37,201,248,33,215,238,32,206,238,36,202
135,135,방이1동,외식업/한식음식점외식업/중식음식점외식업/일식음식점외식업/양식음식점외식업/제과점외식업/패스트푸드점외식업/커피-음료,248,41,207,248,43,205,260,51,209,250,41,209,251,42,209,254,50,204
136,136,방이2동,외식업/한식음식점외식업/중식음식점외식업/일식음식점외식업/양식음식점외식업/제과점외식업/패스트푸드점외식업/커피-음료,473,81,392,485,82,403,503,88,415,478,80,398,485,80,405,512,85,427
137,137,방학1동,외식업/한식음식점외식업/중식음식점외식업/일식음식점외식업/양식음식점외식업/제과점외식업/패스트푸드점외식업/커피-음료,363,56,307,366,55,311,383,61,322,357,60,297,367,55,312,376,61,315
138,138,방학2동,외식업/한식음식점외식업/중식음식점외식업/일식음식점외식업/양식음식점외식업/제과점외식업/패스트푸드점외식업/커피-음료,121,7,114,122,7,115,128,11,117,124,6,118,129,7,122,131,11,120
139,139,방학3동,외식업/한식음식점외식업/중식음식점외식업/일식음식점외식업/양식음식점외식업/제과점외식업/패스트푸드점외식업/커피-음료,89,10,79,87,11,76,87,11,76,86,9,77,88,11,77,86,11,75
140,140,방화1동,외식업/한식음식점외식업/중식음식점외식업/일식음식점외식업/양식음식점외식업/제과점외식업/패스트푸드점외식업/커피-음료,280,61,219,268,55,213,265,54,211,283,58,225,264,55,209,273,55,218
141,141,방화2동,외식업/한식음식점외식업/중식음식점외식업/일식음식점외식업/양식음식점외식업/제과점외식업/패스트푸드점외식업/커피-음료,207,31,176,198,30,168,215,42,173,202,32,170,204,30,174,212,42,170
142,142,방화3동,외식업/한식음식점외식업/중식음식점외식업/일식음식점외식업/양식음식점외식업/제과점외식업/패스트푸드점외식업/커피-음료,83,18,65,77,17,60,86,20,66,84,18,66,79,19,60,86,21,65
143,143,번1동,외식업/한식음식점외식업/중식음식점외식업/일식음식점외식업/양식음식점외식업/제과점외식업/패스트푸드점외식업/커피-음료,254,35,219,261,41,220,268,41,227,255,37,218,270,42,228,273,41,232
144,144,번2동,외식업/한식음식점외식업/중식음식점외식업/일식음식점외식업/양식음식점외식업/제과점외식업/패스트푸드점외식업/커피-음료,46,5,41,48,5,43,43,4,39,45,5,40,46,5,41,44,4,40
145,145,번3동,외식업/한식음식점외식업/중식음식점외식업/일식음식점외식업/양식음식점외식업/제과점외식업/패스트푸드점외식업/커피-음료,61,11,50,60,9,51,62,12,50,59,10,49,59,9,50,63,11,52
146,146,보광동,외식업/한식음식점외식업/중식음식점외식업/일식음식점외식업/양식음식점외식업/제과점외식업/패스트푸드점외식업/커피-음료,124,13,111,133,14,119,138,14,124,124,13,111,136,14,122,134,12,122
147,147,보라매동,외식업/한식음식점외식업/중식음식점외식업/일식음식점외식업/양식음식점외식업/제과점외식업/패스트푸드점외식업/커피-음료,165,27,138,160,28,132,177,31,146,162,27,135,163,26,137,183,32,151
148,148,보문동,외식업/한식음식점외식업/중식음식점외식업/일식음식점외식업/양식음식점외식업/제과점외식업/패스트푸드점외식업/커피-음료,151,14,137,152,15,137,154,17,137,147,14,133,151,15,136,149,17,132
149,149,부암동,외식업/한식음식점외식업/중식음식점외식업/일식음식점외식업/양식음식점외식업/제과점외식업/패스트푸드점외식업/커피-음료,105,11,94,98,13,85,107,15,92,108,12,96,98,13,85,106,16,90
150,150,북가좌1동,외식업/한식음식점외식업/중식음식점외식업/일식음식점외식업/양식음식점외식업/제과점외식업/패스트푸드점외식업/커피-음료,36,12,24,38,11,27,40,11,29,39,11,28,38,11,27,41,11,30
151,151,북가좌2동,외식업/한식음식점외식업/중식음식점외식업/일식음식점외식업/양식음식점외식업/제과점외식업/패스트푸드점외식업/커피-음료,168,30,138,170,27,143,173,25,148,170,30,140,169,29,140,177,26,151
152,152,북아현동,외식업/한식음식점외식업/중식음식점외식업/일식음식점외식업/양식음식점외식업/제과점외식업/패스트푸드점외식업/커피-음료,68,15,53,75,14,61,77,15,62,72,15,57,72,14,58,80,16,64
153,153,불광1동,외식업/한식음식점외식업/중식음식점외식업/일식음식점외식업/양식음식점외식업/제과점외식업/패스트푸드점외식업/커피-음료,165,22,143,159,23,136,170,22,148,161,22,139,161,23,138,171,22,149
154,154,불광2동,외식업/한식음식점외식업/중식음식점외식업/일식음식점외식업/양식음식점외식업/제과점외식업/패스트푸드점외식업/커피-음료,231,31,200,232,28,204,230,25,205,231,32,199,229,28,201,233,27,206
155,155,사근동,외식업/한식음식점외식업/중식음식점외식업/일식음식점외식업/양식음식점외식업/제과점외식업/패스트푸드점외식업/커피-음료,311,78,233,312,82,230,328,87,241,310,79,231,307,82,225,326,85,241
156,156,사당1동,외식업/한식음식점외식업/중식음식점외식업/일식음식점외식업/양식음식점외식업/제과점외식업/패스트푸드점외식업/커피-음료,314,36,278,316,36,280,320,40,280,315,34,281,317,32,285,317,40,277
157,157,사당2동,외식업/한식음식점외식업/중식음식점외식업/일식음식점외식업/양식음식점외식업/제과점외식업/패스트푸드점외식업/커피-음료,295,60,235,306,58,248,308,57,251,305,61,244,308,56,252,312,58,254
158,158,사당3동,외식업/한식음식점외식업/중식음식점외식업/일식음식점외식업/양식음식점외식업/제과점외식업/패스트푸드점외식업/커피-음료,112,26,86,117,28,89,122,26,96,115,27,88,119,26,93,120,26,94
159,159,사당4동,외식업/한식음식점외식업/중식음식점외식업/일식음식점외식업/양식음식점외식업/제과점외식업/패스트푸드점외식업/커피-음료,67,12,55,65,9,56,70,13,57,67,11,56,68,9,59,66,13,53
160,160,사당5동,외식업/한식음식점외식업/중식음식점외식업/일식음식점외식업/양식음식점외식업/제과점외식업/패스트푸드점외식업/커피-음료,41,5,36,44,7,37,51,10,41,42,6,36,45,7,38,50,10,40
161,161,사직동,외식업/한식음식점외식업/중식음식점외식업/일식음식점외식업/양식음식점외식업/제과점외식업/패스트푸드점외식업/커피-음료,762,92,670,765,93,672,810,117,693,773,95,678,776,94,682,804,115,689
162,162,삼각산동,외식업/한식음식점외식업/중식음식점외식업/일식음식점외식업/양식음식점외식업/제과점외식업/패스트푸드점외식업/커피-음료,89,24,65,87,20,67,92,21,71,90,24,66,87,18,69,92,20,72
163,163,삼선동,외식업/한식음식점외식업/중식음식점외식업/일식음식점외식업/양식음식점외식업/제과점외식업/패스트푸드점외식업/커피-음료,401,55,346,414,55,359,408,61,347,413,56,357,411,54,357,407,60,347
164,164,삼성1동,외식업/한식음식점외식업/중식음식점외식업/일식음식점외식업/양식음식점외식업/제과점외식업/패스트푸드점외식업/커피-음료,665,123,542,662,133,529,710,170,540,675,132,543,654,129,525,709,167,542
165,165,삼성2동,외식업/한식음식점외식업/중식음식점외식업/일식음식점외식업/양식음식점외식업/제과점외식업/패스트푸드점외식업/커피-음료,430,80,350,418,76,342,430,95,335,420,76,344,414,75,339,435,97,338
166,166,삼성동,외식업/한식음식점외식업/중식음식점외식업/일식음식점외식업/양식음식점외식업/제과점외식업/패스트푸드점외식업/커피-음료,76,7,69,84,7,77,89,9,80,77,8,69,85,7,78,89,8,81
167,167,삼양동,외식업/한식음식점외식업/중식음식점외식업/일식음식점외식업/양식음식점외식업/제과점외식업/패스트푸드점외식업/커피-음료,103,12,91,97,14,83,100,14,86,99,12,87,100,13,87,99,15,84
168,168,삼전동,외식업/한식음식점외식업/중식음식점외식업/일식음식점외식업/양식음식점외식업/제과점외식업/패스트푸드점외식업/커피-음료,276,39,237,275,42,233,293,49,244,277,40,237,276,39,237,307,47,260
169,169,삼청동,외식업/한식음식점외식업/중식음식점외식업/일식음식점외식업/양식음식점외식업/제과점외식업/패스트푸드점외식업/커피-음료,218,29,189,223,26,197,245,30,215,217,28,189,221,25,196,239,31,208
170,170,상계10동,외식업/한식음식점외식업/중식음식점외식업/일식음식점외식업/양식음식점외식업/제과점외식업/패스트푸드점외식업/커피-음료,17,6,11,19,6,13,25,6,19,17,6,11,23,6,17,26,6,20
171,171,상계1동,외식업/한식음식점외식업/중식음식점외식업/일식음식점외식업/양식음식점외식업/제과점외식업/패스트푸드점외식업/커피-음료,297,44,253,285,43,242,291,47,244,296,43,253,297,44,253,290,48,242
172,172,상계2동,외식업/한식음식점외식업/중식음식점외식업/일식음식점외식업/양식음식점외식업/제과점외식업/패스트푸드점외식업/커피-음료,469,90,379,475,86,389,487,106,381,471,91,380,476,89,387,490,105,385
173,173,상계3.4동,외식업/한식음식점외식업/중식음식점외식업/일식음식점외식업/양식음식점외식업/제과점외식업/패스트푸드점외식업/커피-음료,167,13,154,161,14,147,161,13,148,168,13,155,164,14,150,159,13,146
174,174,상계5동,외식업/한식음식점외식업/중식음식점외식업/일식음식점외식업/양식음식점외식업/제과점외식업/패스트푸드점외식업/커피-음료,161,27,134,161,23,138,161,25,136,161,23,138,163,24,139,164,24,140
175,175,상계6.7동,외식업/한식음식점외식업/중식음식점외식업/일식음식점외식업/양식음식점외식업/제과점외식업/패스트푸드점외식업/커피-음료,232,46,186,224,51,173,241,70,171,227,46,181,227,53,174,241,70,171
176,176,상계8동,외식업/한식음식점외식업/중식음식점외식업/일식음식점외식업/양식음식점외식업/제과점외식업/패스트푸드점외식업/커피-음료,43,7,36,43,7,36,44,10,34,42,7,35,45,8,37,44,10,34
177,177,상계9동,외식업/한식음식점외식업/중식음식점외식업/일식음식점외식업/양식음식점외식업/제과점외식업/패스트푸드점외식업/커피-음료,43,7,36,45,7,38,46,9,37,45,7,38,47,9,38,46,9,37
178,178,상도1동,외식업/한식음식점외식업/중식음식점외식업/일식음식점외식업/양식음식점외식업/제과점외식업/패스트푸드점외식업/커피-음료,301,57,244,319,60,259,331,71,260,310,59,251,321,60,261,328,69,259
179,179,상도2동,외식업/한식음식점외식업/중식음식점외식업/일식음식점외식업/양식음식점외식업/제과점외식업/패스트푸드점외식업/커피-음료,181,29,152,184,30,154,187,36,151,178,29,149,190,32,158,184,36,148
180,180,상도3동,외식업/한식음식점외식업/중식음식점외식업/일식음식점외식업/양식음식점외식업/제과점외식업/패스트푸드점외식업/커피-음료,91,15,76,106,15,91,107,19,88,95,14,81,104,14,90,114,20,94
181,181,상도4동,외식업/한식음식점외식업/중식음식점외식업/일식음식점외식업/양식음식점외식업/제과점외식업/패스트푸드점외식업/커피-음료,118,14,104,114,15,99,124,22,102,115,14,101,116,15,101,129,22,107
182,182,상봉1동,외식업/한식음식점외식업/중식음식점외식업/일식음식점외식업/양식음식점외식업/제과점외식업/패스트푸드점외식업/커피-음료,111,26,85,114,25,89,116,34,82,111,26,85,112,25,87,117,35,82
183,183,상봉2동,외식업/한식음식점외식업/중식음식점외식업/일식음식점외식업/양식음식점외식업/제과점외식업/패스트푸드점외식업/커피-음료,374,44,330,372,46,326,378,57,321,372,43,329,375,48,327,379,59,320
184,184,상암동,외식업/한식음식점외식업/중식음식점외식업/일식음식점외식업/양식음식점외식업/제과점외식업/패스트푸드점외식업/커피-음료,598,121,477,590,115,475,653,140,513,590,119,471,595,109,486,647,139,508
185,185,상일동,외식업/한식음식점외식업/중식음식점외식업/일식음식점외식업/양식음식점외식업/제과점외식업/패스트푸드점외식업/커피-음료,135,9,126,134,9,125,138,11,127,131,9,122,131,7,124,148,15,133
186,186,서강동,외식업/한식음식점외식업/중식음식점외식업/일식음식점외식업/양식음식점외식업/제과점외식업/패스트푸드점외식업/커피-음료,439,47,392,429,49,380,415,44,371,431,47,384,434,49,385,418,43,375
187,187,서교동,외식업/한식음식점외식업/중식음식점외식업/일식음식점외식업/양식음식점외식업/제과점외식업/패스트푸드점외식업/커피-음료,2075,299,1776,2080,296,1784,2149,337,1812,2096,297,1799,2065,290,1775,2143,330,1813
188,188,서림동,외식업/한식음식점외식업/중식음식점외식업/일식음식점외식업/양식음식점외식업/제과점외식업/패스트푸드점외식업/커피-음료,126,13,113,123,11,112,130,17,113,127,11,116,126,9,117,130,15,115
189,189,서빙고동,외식업/한식음식점외식업/중식음식점외식업/일식음식점외식업/양식음식점외식업/제과점외식업/패스트푸드점외식업/커피-음료,48,3,45,53,5,48,61,4,57,48,4,44,52,4,48,62,4,58
190,190,서원동,외식업/한식음식점외식업/중식음식점외식업/일식음식점외식업/양식음식점외식업/제과점외식업/패스트푸드점외식업/커피-음료,293,77,216,297,79,218,315,91,224,294,78,216,309,81,228,311,86,225
191,191,서초1동,외식업/한식음식점외식업/중식음식점외식업/일식음식점외식업/양식음식점외식업/제과점외식업/패스트푸드점외식업/커피-음료,403,74,329,396,71,325,409,86,323,405,72,333,398,74,324,409,86,323
192,192,서초2동,외식업/한식음식점외식업/중식음식점외식업/일식음식점외식업/양식음식점외식업/제과점외식업/패스트푸드점외식업/커피-음료,509,86,423,497,89,408,517,108,409,519,92,427,497,83,414,516,105,411
193,193,서초3동,외식업/한식음식점외식업/중식음식점외식업/일식음식점외식업/양식음식점외식업/제과점외식업/패스트푸드점외식업/커피-음료,969,140,829,960,144,816,996,177,819,962,142,820,961,140,821,994,174,820
194,194,서초4동,외식업/한식음식점외식업/중식음식점외식업/일식음식점외식업/양식음식점외식업/제과점외식업/패스트푸드점외식업/커피-음료,466,99,367,465,104,361,487,112,375,480,104,376,475,106,369,476,109,367
195,195,석관동,외식업/한식음식점외식업/중식음식점외식업/일식음식점외식업/양식음식점외식업/제과점외식업/패스트푸드점외식업/커피-음료,268,35,233,275,35,240,261,31,230,273,35,238,272,36,236,267,33,234
196,196,석촌동,외식업/한식음식점외식업/중식음식점외식업/일식음식점외식업/양식음식점외식업/제과점외식업/패스트푸드점외식업/커피-음료,374,49,325,393,52,341,426,68,358,381,50,331,404,52,352,447,71,376
197,197,성내1동,외식업/한식음식점외식업/중식음식점외식업/일식음식점외식업/양식음식점외식업/제과점외식업/패스트푸드점외식업/커피-음료,295,51,244,294,52,242,296,55,241,289,52,237,300,52,248,297,55,242
198,198,성내2동,외식업/한식음식점외식업/중식음식점외식업/일식음식점외식업/양식음식점외식업/제과점외식업/패스트푸드점외식업/커피-음료,292,27,265,291,28,263,279,33,246,299,28,271,290,28,262,286,31,255
199,199,성내3동,외식업/한식음식점외식업/중식음식점외식업/일식음식점외식업/양식음식점외식업/제과점외식업/패스트푸드점외식업/커피-음료,412,50,362,409,51,358,438,57,381,413,49,364,419,51,368,429,56,373
200,200,성북동,외식업/한식음식점외식업/중식음식점외식업/일식음식점외식업/양식음식점외식업/제과점외식업/패스트푸드점외식업/커피-음료,151,7,144,152,5,147,153,5,148,149,7,142,155,5,150,150,5,145
201,201,성산1동,외식업/한식음식점외식업/중식음식점외식업/일식음식점외식업/양식음식점외식업/제과점외식업/패스트푸드점외식업/커피-음료,182,24,158,196,25,171,216,29,187,186,23,163,194,25,169,221,29,192
202,202,성산2동,외식업/한식음식점외식업/중식음식점외식업/일식음식점외식업/양식음식점외식업/제과점외식업/패스트푸드점외식업/커피-음료,189,31,158,187,28,159,192,35,157,191,29,162,188,28,160,194,33,161
203,203,성수1가1동,외식업/한식음식점외식업/중식음식점외식업/일식음식점외식업/양식음식점외식업/제과점외식업/패스트푸드점외식업/커피-음료,124,12,112,127,11,116,149,15,134,124,12,112,129,11,118,154,15,139
204,204,성수1가2동,외식업/한식음식점외식업/중식음식점외식업/일식음식점외식업/양식음식점외식업/제과점외식업/패스트푸드점외식업/커피-음료,314,37,277,337,41,296,379,47,332,326,40,286,344,37,307,383,47,336
205,205,성수2가1동,외식업/한식음식점외식업/중식음식점외식업/일식음식점외식업/양식음식점외식업/제과점외식업/패스트푸드점외식업/커피-음료,277,33,244,267,34,233,284,38,246,276,34,242,269,34,235,297,40,257
206,206,성수2가3동,외식업/한식음식점외식업/중식음식점외식업/일식음식점외식업/양식음식점외식업/제과점외식업/패스트푸드점외식업/커피-음료,396,53,343,419,56,363,466,66,400,407,55,352,423,57,366,480,66,414
207,207,성현동,외식업/한식음식점외식업/중식음식점외식업/일식음식점외식업/양식음식점외식업/제과점외식업/패스트푸드점외식업/커피-음료,69,10,59,70,11,59,75,16,59,65,10,55,73,11,62,75,16,59
208,208,세곡동,외식업/한식음식점외식업/중식음식점외식업/일식음식점외식업/양식음식점외식업/제과점외식업/패스트푸드점외식업/커피-음료,138,38,100,151,42,109,156,45,111,145,41,104,153,45,108,161,45,116
209,209,소공동,외식업/한식음식점외식업/중식음식점외식업/일식음식점외식업/양식음식점외식업/제과점외식업/패스트푸드점외식업/커피-음료,649,128,521,646,129,517,692,169,523,647,128,519,648,129,519,700,171,529
210,210,송정동,외식업/한식음식점외식업/중식음식점외식업/일식음식점외식업/양식음식점외식업/제과점외식업/패스트푸드점외식업/커피-음료,49,2,47,50,2,48,53,1,52,47,2,45,50,2,48,57,2,55
211,211,송중동,외식업/한식음식점외식업/중식음식점외식업/일식음식점외식업/양식음식점외식업/제과점외식업/패스트푸드점외식업/커피-음료,323,56,267,336,59,277,351,64,287,324,57,267,338,58,280,361,68,293
212,212,송천동,외식업/한식음식점외식업/중식음식점외식업/일식음식점외식업/양식음식점외식업/제과점외식업/패스트푸드점외식업/커피-음료,281,33,248,290,30,260,289,35,254,278,30,248,286,30,256,297,33,264
213,213,송파1동,외식업/한식음식점외식업/중식음식점외식업/일식음식점외식업/양식음식점외식업/제과점외식업/패스트푸드점외식업/커피-음료,322,47,275,358,47,311,395,60,335,336,46,290,374,49,325,409,61,348
214,214,송파2동,외식업/한식음식점외식업/중식음식점외식업/일식음식점외식업/양식음식점외식업/제과점외식업/패스트푸드점외식업/커피-음료,100,20,80,100,21,79,98,22,76,99,20,79,100,21,79,99,23,76
215,215,수궁동,외식업/한식음식점외식업/중식음식점외식업/일식음식점외식업/양식음식점외식업/제과점외식업/패스트푸드점외식업/커피-음료,116,20,96,112,18,94,114,18,96,116,19,97,114,18,96,116,18,98
216,216,수색동,외식업/한식음식점외식업/중식음식점외식업/일식음식점외식업/양식음식점외식업/제과점외식업/패스트푸드점외식업/커피-음료,60,5,55,57,6,51,54,4,50,57,5,52,54,6,48,55,4,51
217,217,수서동,외식업/한식음식점외식업/중식음식점외식업/일식음식점외식업/양식음식점외식업/제과점외식업/패스트푸드점외식업/커피-음료,180,42,138,180,42,138,187,55,132,178,42,136,180,43,137,184,54,130
218,218,수유1동,외식업/한식음식점외식업/중식음식점외식업/일식음식점외식업/양식음식점외식업/제과점외식업/패스트푸드점외식업/커피-음료,189,11,178,185,10,175,189,11,178,190,11,179,186,9,177,185,12,173
219,219,수유2동,외식업/한식음식점외식업/중식음식점외식업/일식음식점외식업/양식음식점외식업/제과점외식업/패스트푸드점외식업/커피-음료,159,22,137,152,21,131,151,18,133,158,22,136,151,20,131,153,17,136
220,220,수유3동,외식업/한식음식점외식업/중식음식점외식업/일식음식점외식업/양식음식점외식업/제과점외식업/패스트푸드점외식업/커피-음료,466,61,405,466,55,411,501,68,433,453,58,395,473,56,417,504,63,441
221,221,숭인1동,외식업/한식음식점외식업/중식음식점외식업/일식음식점외식업/양식음식점외식업/제과점외식업/패스트푸드점외식업/커피-음료,43,11,32,36,9,27,36,11,25,43,11,32,37,9,28,37,11,26
222,222,숭인2동,외식업/한식음식점외식업/중식음식점외식업/일식음식점외식업/양식음식점외식업/제과점외식업/패스트푸드점외식업/커피-음료,173,28,145,167,26,141,175,34,141,174,27,147,167,26,141,169,32,137
223,223,시흥1동,외식업/한식음식점외식업/중식음식점외식업/일식음식점외식업/양식음식점외식업/제과점외식업/패스트푸드점외식업/커피-음료,423,73,350,412,69,343,423,74,349,418,70,348,418,68,350,423,71,352
224,224,시흥2동,외식업/한식음식점외식업/중식음식점외식업/일식음식점외식업/양식음식점외식업/제과점외식업/패스트푸드점외식업/커피-음료,24,13,11,24,13,11,24,13,11,25,14,11,24,13,11,26,14,12
225,225,시흥3동,외식업/한식음식점외식업/중식음식점외식업/일식음식점외식업/양식음식점외식업/제과점외식업/패스트푸드점외식업/커피-음료,118,9,109,109,8,101,106,14,92,115,8,107,111,9,102,103,14,89
226,226,시흥4동,외식업/한식음식점외식업/중식음식점외식업/일식음식점외식업/양식음식점외식업/제과점외식업/패스트푸드점외식업/커피-음료,70,10,60,68,10,58,68,11,57,70,10,60,71,11,60,69,11,58
227,227,시흥5동,외식업/한식음식점외식업/중식음식점외식업/일식음식점외식업/양식음식점외식업/제과점외식업/패스트푸드점외식업/커피-음료,118,17,101,112,20,92,111,26,85,111,18,93,113,21,92,114,25,89
228,228,신길1동,외식업/한식음식점외식업/중식음식점외식업/일식음식점외식업/양식음식점외식업/제과점외식업/패스트푸드점외식업/커피-음료,161,22,139,155,21,134,161,21,140,160,22,138,154,20,134,159,19,140
229,229,신길3동,외식업/한식음식점외식업/중식음식점외식업/일식음식점외식업/양식음식점외식업/제과점외식업/패스트푸드점외식업/커피-음료,101,12,89,103,12,91,107,16,91,102,12,90,104,12,92,107,16,91
230,230,신길4동,외식업/한식음식점외식업/중식음식점외식업/일식음식점외식업/양식음식점외식업/제과점외식업/패스트푸드점외식업/커피-음료,50,7,43,49,6,43,49,7,42,51,7,44,53,7,46,51,7,44
231,231,신길5동,외식업/한식음식점외식업/중식음식점외식업/일식음식점외식업/양식음식점외식업/제과점외식업/패스트푸드점외식업/커피-음료,76,5,71,73,7,66,65,6,59,76,6,70,75,6,69,66,6,60
232,232,신길6동,외식업/한식음식점외식업/중식음식점외식업/일식음식점외식업/양식음식점외식업/제과점외식업/패스트푸드점외식업/커피-음료,167,19,148,167,19,148,170,24,146,167,20,147,166,20,146,169,24,145
233,233,신길7동,외식업/한식음식점외식업/중식음식점외식업/일식음식점외식업/양식음식점외식업/제과점외식업/패스트푸드점외식업/커피-음료,76,12,64,78,11,67,82,16,66,76,12,64,79,11,68,80,16,64
234,234,신내1동,외식업/한식음식점외식업/중식음식점외식업/일식음식점외식업/양식음식점외식업/제과점외식업/패스트푸드점외식업/커피-음료,204,36,168,210,38,172,217,38,179,206,38,168,214,39,175,212,40,172
235,235,신내2동,외식업/한식음식점외식업/중식음식점외식업/일식음식점외식업/양식음식점외식업/제과점외식업/패스트푸드점외식업/커피-음료,97,25,72,101,24,77,96,19,77,97,25,72,99,23,76,97,19,78
236,236,신당5동,외식업/한식음식점외식업/중식음식점외식업/일식음식점외식업/양식음식점외식업/제과점외식업/패스트푸드점외식업/커피-음료,153,14,139,158,18,140,165,19,146,152,14,138,159,18,141,170,19,151
237,237,신당동,외식업/한식음식점외식업/중식음식점외식업/일식음식점외식업/양식음식점외식업/제과점외식업/패스트푸드점외식업/커피-음료,236,38,198,246,39,207,250,44,206,238,39,199,245,37,208,254,45,209
238,238,신대방1동,외식업/한식음식점외식업/중식음식점외식업/일식음식점외식업/양식음식점외식업/제과점외식업/패스트푸드점외식업/커피-음료,121,16,105,125,16,109,127,21,106,123,16,107,129,17,112,122,21,101
239,239,신대방2동,외식업/한식음식점외식업/중식음식점외식업/일식음식점외식업/양식음식점외식업/제과점외식업/패스트푸드점외식업/커피-음료,253,46,207,239,48,191,247,64,183,250,50,200,240,50,190,251,65,186
240,240,신도림동,외식업/한식음식점외식업/중식음식점외식업/일식음식점외식업/양식음식점외식업/제과점외식업/패스트푸드점외식업/커피-음료,260,65,195,252,59,193,263,70,193,260,66,194,252,59,193,263,70,193
241,241,신림동,외식업/한식음식점외식업/중식음식점외식업/일식음식점외식업/양식음식점외식업/제과점외식업/패스트푸드점외식업/커피-음료,312,58,254,328,57,271,330,59,271,325,58,267,329,56,273,335,64,271
242,242,신사1동,외식업/한식음식점외식업/중식음식점외식업/일식음식점외식업/양식음식점외식업/제과점외식업/패스트푸드점외식업/커피-음료,142,18,124,137,17,120,144,22,122,140,17,123,146,20,126,147,23,124
243,243,신사2동,외식업/한식음식점외식업/중식음식점외식업/일식음식점외식업/양식음식점외식업/제과점외식업/패스트푸드점외식업/커피-음료,60,11,49,61,11,50,62,12,50,62,11,51,61,11,50,63,11,52
244,244,신사동,외식업/한식음식점외식업/한식음식점외식업/중식음식점외식업/중식음식점외식업/일식음식점외식업/일식음식점외식업/양식음식점외식업/양식음식점외식업/제과점외식업/제과점외식업/패스트푸드점외식업/패스트푸드점외식업/커피-음료외식업/커피-음료,951,145,806,959,148,811,1007,174,833,954,148,806,971,148,823,1029,172,857
245,245,신수동,외식업/한식음식점외식업/중식음식점외식업/일식음식점외식업/양식음식점외식업/제과점외식업/패스트푸드점외식업/커피-음료,139,18,121,143,20,123,151,19,132,137,18,119,143,18,125,155,19,136
246,246,신원동,외식업/한식음식점외식업/중식음식점외식업/일식음식점외식업/양식음식점외식업/제과점외식업/패스트푸드점외식업/커피-음료,114,7,107,124,9,115,120,9,111,118,8,110,121,9,112,125,8,117
247,247,신월1동,외식업/한식음식점외식업/중식음식점외식업/일식음식점외식업/양식음식점외식업/제과점외식업/패스트푸드점외식업/커피-음료,195,15,180,189,14,175,181,15,166,195,14,181,186,15,171,188,16,172
248,248,신월2동,외식업/한식음식점외식업/중식음식점외식업/일식음식점외식업/양식음식점외식업/제과점외식업/패스트푸드점외식업/커피-음료,76,8,68,82,8,74,82,9,73,75,8,67,83,8,75,81,9,72
249,249,신월3동,외식업/한식음식점외식업/중식음식점외식업/일식음식점외식업/양식음식점외식업/제과점외식업/패스트푸드점외식업/커피-음료,86,11,75,86,10,76,92,13,79,83,11,72,89,10,79,99,15,84
250,250,신월4동,외식업/한식음식점외식업/중식음식점외식업/일식음식점외식업/양식음식점외식업/제과점외식업/패스트푸드점외식업/커피-음료,120,19,101,121,19,102,120,19,101,121,18,103,123,18,105,121,19,102
251,251,신월5동,외식업/한식음식점외식업/중식음식점외식업/일식음식점외식업/양식음식점외식업/제과점외식업/패스트푸드점외식업/커피-음료,118,12,106,114,11,103,115,13,102,118,13,105,116,11,105,115,13,102
252,252,신월6동,외식업/한식음식점외식업/중식음식점외식업/일식음식점외식업/양식음식점외식업/제과점외식업/패스트푸드점외식업/커피-음료,50,5,45,50,3,47,45,3,42,51,5,46,48,3,45,54,6,48
253,253,신월7동,외식업/한식음식점외식업/중식음식점외식업/일식음식점외식업/양식음식점외식업/제과점외식업/패스트푸드점외식업/커피-음료,118,10,108,118,9,109,115,11,104,119,10,109,115,9,106,119,13,106
254,254,신정1동,외식업/한식음식점외식업/중식음식점외식업/일식음식점외식업/양식음식점외식업/제과점외식업/패스트푸드점외식업/커피-음료,140,17,123,153,18,135,159,26,133,147,17,130,156,19,137,165,25,140
255,255,신정2동,외식업/한식음식점외식업/중식음식점외식업/일식음식점외식업/양식음식점외식업/제과점외식업/패스트푸드점외식업/커피-음료,141,28,113,138,28,110,148,30,118,139,29,110,141,27,114,147,30,117
256,256,신정3동,외식업/한식음식점외식업/중식음식점외식업/일식음식점외식업/양식음식점외식업/제과점외식업/패스트푸드점외식업/커피-음료,153,39,114,149,38,111,150,40,110,157,41,116,147,38,109,152,40,112
257,257,신정4동,외식업/한식음식점외식업/중식음식점외식업/일식음식점외식업/양식음식점외식업/제과점외식업/패스트푸드점외식업/커피-음료,330,59,271,326,55,271,354,57,297,328,58,270,328,50,278,360,59,301
258,258,신정6동,외식업/한식음식점외식업/중식음식점외식업/일식음식점외식업/양식음식점외식업/제과점외식업/패스트푸드점외식업/커피-음료,44,17,27,46,17,29,55,20,35,44,17,27,46,16,30,55,22,33
259,259,신정7동,외식업/한식음식점외식업/중식음식점외식업/일식음식점외식업/양식음식점외식업/제과점외식업/패스트푸드점외식업/커피-음료,101,31,70,100,31,69,103,32,71,99,29,70,99,30,69,106,33,73
260,260,신촌동,외식업/한식음식점외식업/중식음식점외식업/일식음식점외식업/양식음식점외식업/제과점외식업/패스트푸드점외식업/커피-음료,1051,229,822,1047,220,827,1103,265,838,1046,233,813,1065,224,841,1112,262,850
261,261,쌍문1동,외식업/한식음식점외식업/중식음식점외식업/일식음식점외식업/양식음식점외식업/제과점외식업/패스트푸드점외식업/커피-음료,106,11,95,108,10,98,106,9,97,109,11,98,107,10,97,107,11,96
262,262,쌍문2동,외식업/한식음식점외식업/중식음식점외식업/일식음식점외식업/양식음식점외식업/제과점외식업/패스트푸드점외식업/커피-음료,146,28,118,154,29,125,160,33,127,145,28,117,150,27,123,165,34,131
263,263,쌍문3동,외식업/한식음식점외식업/중식음식점외식업/일식음식점외식업/양식음식점외식업/제과점외식업/패스트푸드점외식업/커피-음료,115,16,99,118,18,100,131,24,107,118,16,102,119,19,100,131,23,108
264,264,쌍문4동,외식업/한식음식점외식업/중식음식점외식업/일식음식점외식업/양식음식점외식업/제과점외식업/패스트푸드점외식업/커피-음료,33,7,26,32,6,26,31,8,23,31,7,24,31,6,25,28,7,21
265,265,아현동,외식업/한식음식점외식업/중식음식점외식업/일식음식점외식업/양식음식점외식업/제과점외식업/패스트푸드점외식업/커피-음료,377,64,313,380,65,315,406,72,334,374,64,310,387,64,323,422,76,346
266,266,안암동,외식업/한식음식점외식업/중식음식점외식업/일식음식점외식업/양식음식점외식업/제과점외식업/패스트푸드점외식업/커피-음료,331,67,264,338,69,269,351,81,270,331,65,266,340,68,272,359,83,276
267,267,암사1동,외식업/한식음식점외식업/중식음식점외식업/일식음식점외식업/양식음식점외식업/제과점외식업/패스트푸드점외식업/커피-음료,234,22,212,244,19,225,237,23,214,241,21,220,239,19,220,238,22,216
268,268,암사2동,외식업/한식음식점외식업/중식음식점외식업/일식음식점외식업/양식음식점외식업/제과점외식업/패스트푸드점외식업/커피-음료,110,18,92,110,22,88,110,17,93,115,19,96,115,22,93,116,17,99
269,269,암사3동,외식업/한식음식점외식업/중식음식점외식업/일식음식점외식업/양식음식점외식업/제과점외식업/패스트푸드점외식업/커피-음료,39,5,34,39,5,34,43,9,34,38,5,33,40,5,35,45,10,35
270,270,압구정동,외식업/한식음식점외식업/중식음식점외식업/일식음식점외식업/양식음식점외식업/제과점외식업/패스트푸드점외식업/커피-음료,722,81,641,746,85,661,804,96,708,731,84,647,755,84,671,804,97,707
271,271,약수동,외식업/한식음식점외식업/중식음식점외식업/일식음식점외식업/양식음식점외식업/제과점외식업/패스트푸드점외식업/커피-음료,98,15,83,96,16,80,102,22,80,94,16,78,97,16,81,102,22,80
272,272,양재1동,외식업/한식음식점외식업/중식음식점외식업/일식음식점외식업/양식음식점외식업/제과점외식업/패스트푸드점외식업/커피-음료,511,70,441,517,75,442,529,84,445,513,72,441,518,76,442,531,85,446
273,273,양재2동,외식업/한식음식점외식업/중식음식점외식업/일식음식점외식업/양식음식점외식업/제과점외식업/패스트푸드점외식업/커피-음료,597,73,524,576,73,503,587,78,509,598,74,524,583,70,513,585,77,508
274,274,양평1동,외식업/한식음식점외식업/중식음식점외식업/일식음식점외식업/양식음식점외식업/제과점외식업/패스트푸드점외식업/커피-음료,238,34,204,242,33,209,253,40,213,240,35,205,241,30,211,262,43,219
275,275,양평2동,외식업/한식음식점외식업/중식음식점외식업/일식음식점외식업/양식음식점외식업/제과점외식업/패스트푸드점외식업/커피-음료,286,53,233,289,52,237,301,60,241,285,54,231,288,52,236,300,59,241
276,276,여의동,외식업/한식음식점외식업/중식음식점외식업/일식음식점외식업/양식음식점외식업/제과점외식업/패스트푸드점외식업/커피-음료,1487,228,1259,1476,230,1246,1567,301,1266,1502,235,1267,1492,230,1262,1552,294,1258
277,277,역삼1동,외식업/한식음식점외식업/중식음식점외식업/일식음식점외식업/양식음식점외식업/제과점외식업/패스트푸드점외식업/커피-음료,2240,432,1808,2204,404,1800,2294,464,1830,2241,427,1814,2230,399,1831,2306,461,1845
278,278,역삼2동,외식업/한식음식점외식업/중식음식점외식업/일식음식점외식업/양식음식점외식업/제과점외식업/패스트푸드점외식업/커피-음료,457,74,383,465,78,387,499,84,415,467,75,392,466,79,387,500,87,413
279,279,역촌동,외식업/한식음식점외식업/중식음식점외식업/일식음식점외식업/양식음식점외식업/제과점외식업/패스트푸드점외식업/커피-음료,302,40,262,329,38,291,329,46,283,311,42,269,328,37,291,334,46,288
280,280,연남동,외식업/한식음식점외식업/중식음식점외식업/일식음식점외식업/양식음식점외식업/제과점외식업/패스트푸드점외식업/커피-음료,471,20,451,514,19,495,587,21,566,503,21,482,538,19,519,577,22,555
281,281,연희동,외식업/한식음식점외식업/중식음식점외식업/일식음식점외식업/양식음식점외식업/제과점외식업/패스트푸드점외식업/커피-음료,331,36,295,346,35,311,366,40,326,331,33,298,345,34,311,367,40,327
282,282,염리동,외식업/한식음식점외식업/중식음식점외식업/일식음식점외식업/양식음식점외식업/제과점외식업/패스트푸드점외식업/커피-음료,135,20,115,139,23,116,145,28,117,142,23,119,141,24,117,139,29,110
283,283,염창동,외식업/한식음식점외식업/중식음식점외식업/일식음식점외식업/양식음식점외식업/제과점외식업/패스트푸드점외식업/커피-음료,213,58,155,208,57,151,214,58,156,210,56,154,210,58,152,215,57,158
284,284,영등포동,외식업/한식음식점외식업/중식음식점외식업/일식음식점외식업/양식음식점외식업/제과점외식업/패스트푸드점외식업/커피-음료,800,141,659,801,147,654,811,162,649,798,145,653,797,144,653,805,162,643
285,285,영등포본동,외식업/한식음식점외식업/중식음식점외식업/일식음식점외식업/양식음식점외식업/제과점외식업/패스트푸드점외식업/커피-음료,183,33,150,178,30,148,217,53,164,182,33,149,177,31,146,219,55,164
286,286,오금동,외식업/한식음식점외식업/중식음식점외식업/일식음식점외식업/양식음식점외식업/제과점외식업/패스트푸드점외식업/커피-음료,258,31,227,271,33,238,277,38,239,266,31,235,270,32,238,273,37,236
287,287,오류1동,외식업/한식음식점외식업/중식음식점외식업/일식음식점외식업/양식음식점외식업/제과점외식업/패스트푸드점외식업/커피-음료,133,19,114,135,17,118,132,19,113,133,19,114,138,18,120,137,20,117
288,288,오류2동,외식업/한식음식점외식업/중식음식점외식업/일식음식점외식업/양식음식점외식업/제과점외식업/패스트푸드점외식업/커피-음료,163,39,124,167,35,132,173,41,132,169,38,131,165,35,130,178,43,135
289,289,오륜동,외식업/한식음식점외식업/중식음식점외식업/일식음식점외식업/양식음식점외식업/제과점외식업/패스트푸드점외식업/커피-음료,52,16,36,53,19,34,66,28,38,51,16,35,54,19,35,68,28,40
290,290,옥수동,외식업/한식음식점외식업/중식음식점외식업/일식음식점외식업/양식음식점외식업/제과점외식업/패스트푸드점외식업/커피-음료,117,20,97,109,19,90,117,20,97,113,20,93,113,19,94,117,20,97
291,291,왕십리2동,외식업/한식음식점외식업/중식음식점외식업/일식음식점외식업/양식음식점외식업/제과점외식업/패스트푸드점외식업/커피-음료,73,11,62,77,11,66,88,15,73,73,11,62,82,12,70,87,14,73
292,292,왕십리도선동,외식업/한식음식점외식업/중식음식점외식업/일식음식점외식업/양식음식점외식업/제과점외식업/패스트푸드점외식업/커피-음료,307,51,256,325,52,273,338,52,286,315,52,263,325,50,275,341,54,287
293,293,용강동,외식업/한식음식점외식업/중식음식점외식업/일식음식점외식업/양식음식점외식업/제과점외식업/패스트푸드점외식업/커피-음료,306,42,264,324,46,278,327,51,276,308,43,265,327,45,282,326,49,277
294,294,용답동,외식업/한식음식점외식업/중식음식점외식업/일식음식점외식업/양식음식점외식업/제과점외식업/패스트푸드점외식업/커피-음료,170,22,148,177,24,153,176,25,151,172,21,151,177,24,153,172,25,147
295,295,용문동,외식업/한식음식점외식업/중식음식점외식업/일식음식점외식업/양식음식점외식업/제과점외식업/패스트푸드점외식업/커피-음료,84,5,79,83,6,77,74,6,68,84,5,79,83,6,77,76,6,70
296,296,용산2가동,외식업/한식음식점외식업/중식음식점외식업/일식음식점외식업/양식음식점외식업/제과점외식업/패스트푸드점외식업/커피-음료,145,12,133,144,12,132,160,11,149,145,14,131,141,11,130,163,11,152
297,297,용신동,외식업/한식음식점외식업/중식음식점외식업/일식음식점외식업/양식음식점외식업/제과점외식업/패스트푸드점외식업/커피-음료,561,58,503,534,51,483,546,62,484,543,54,489,540,51,489,548,63,485
298,298,우이동,외식업/한식음식점외식업/중식음식점외식업/일식음식점외식업/양식음식점외식업/제과점외식업/패스트푸드점외식업/커피-음료,272,23,249,273,29,244,280,31,249,272,23,249,272,28,244,285,32,253
299,299,우장산동,외식업/한식음식점외식업/중식음식점외식업/일식음식점외식업/양식음식점외식업/제과점외식업/패스트푸드점외식업/커피-음료,181,29,152,178,25,153,181,34,147,183,30,153,183,27,156,186,32,154
300,300,원효로1동,외식업/한식음식점외식업/중식음식점외식업/일식음식점외식업/양식음식점외식업/제과점외식업/패스트푸드점외식업/커피-음료,284,31,253,280,27,253,280,33,247,284,29,255,279,26,253,280,33,247
301,301,원효로2동,외식업/한식음식점외식업/중식음식점외식업/일식음식점외식업/양식음식점외식업/제과점외식업/패스트푸드점외식업/커피-음료,82,9,73,82,9,73,84,7,77,82,9,73,82,9,73,83,7,76
302,302,월계1동,외식업/한식음식점외식업/중식음식점외식업/일식음식점외식업/양식음식점외식업/제과점외식업/패스트푸드점외식업/커피-음료,267,61,206,265,60,205,266,61,205,267,58,209,267,61,206,264,60,204
303,303,월계2동,외식업/한식음식점외식업/중식음식점외식업/일식음식점외식업/양식음식점외식업/제과점외식업/패스트푸드점외식업/커피-음료,65,14,51,65,14,51,71,12,59,65,13,52,67,14,53,71,12,59
304,304,월계3동,외식업/한식음식점외식업/중식음식점외식업/일식음식점외식업/양식음식점외식업/제과점외식업/패스트푸드점외식업/커피-음료,57,21,36,58,20,38,55,14,41,57,20,37,58,18,40,64,19,45
305,305,월곡1동,외식업/한식음식점외식업/중식음식점외식업/일식음식점외식업/양식음식점외식업/제과점외식업/패스트푸드점외식업/커피-음료,175,26,149,168,26,142,161,29,132,177,26,151,172,25,147,161,27,134
306,306,월곡2동,외식업/한식음식점외식업/중식음식점외식업/일식음식점외식업/양식음식점외식업/제과점외식업/패스트푸드점외식업/커피-음료,235,36,199,241,36,205,244,42,202,240,38,202,245,36,209,238,43,195
307,307,위례동,외식업/한식음식점외식업/중식음식점외식업/일식음식점외식업/양식음식점외식업/제과점외식업/패스트푸드점외식업/커피-음료,119,57,62,110,53,57,120,52,68,114,58,56,113,49,64,119,52,67
308,308,은천동,외식업/한식음식점외식업/중식음식점외식업/일식음식점외식업/양식음식점외식업/제과점외식업/패스트푸드점외식업/커피-음료,207,27,180,204,27,177,218,31,187,205,28,177,204,26,178,221,32,189
309,309,을지로동,외식업/한식음식점외식업/중식음식점외식업/일식음식점외식업/양식음식점외식업/제과점외식업/패스트푸드점외식업/커피-음료,451,34,417,450,32,418,483,52,431,451,34,417,456,33,423,490,54,436
310,310,응봉동,외식업/한식음식점외식업/중식음식점외식업/일식음식점외식업/양식음식점외식업/제과점외식업/패스트푸드점외식업/커피-음료,25,5,20,24,4,20,24,3,21,24,4,20,23,3,20,23,3,20
311,311,응암1동,외식업/한식음식점외식업/중식음식점외식업/일식음식점외식업/양식음식점외식업/제과점외식업/패스트푸드점외식업/커피-음료,204,45,159,201,43,158,207,44,163,200,44,156,202,43,159,207,44,163
312,312,응암2동,외식업/한식음식점외식업/중식음식점외식업/일식음식점외식업/양식음식점외식업/제과점외식업/패스트푸드점외식업/커피-음료,48,6,42,50,6,44,52,6,46,48,6,42,49,6,43,53,8,45
313,313,응암3동,외식업/한식음식점외식업/중식음식점외식업/일식음식점외식업/양식음식점외식업/제과점외식업/패스트푸드점외식업/커피-음료,308,29,279,313,30,283,323,35,288,303,29,274,315,30,285,330,34,296
314,314,이문1동,외식업/한식음식점외식업/중식음식점외식업/일식음식점외식업/양식음식점외식업/제과점외식업/패스트푸드점외식업/커피-음료,301,48,253,287,43,244,280,50,230,296,44,252,284,45,239,283,51,232
315,315,이문2동,외식업/한식음식점외식업/중식음식점외식업/일식음식점외식업/양식음식점외식업/제과점외식업/패스트푸드점외식업/커피-음료,62,8,54,62,8,54,65,7,58,63,8,55,61,8,53,67,7,60
316,316,이촌1동,외식업/한식음식점외식업/중식음식점외식업/일식음식점외식업/양식음식점외식업/제과점외식업/패스트푸드점외식업/커피-음료,165,24,141,163,26,137,174,31,143,163,23,140,164,27,137,178,31,147
317,317,이촌2동,외식업/한식음식점외식업/중식음식점외식업/일식음식점외식업/양식음식점외식업/제과점외식업/패스트푸드점외식업/커피-음료,34,0,34,29,0,29,33,0,33,33,0,33,29,0,29,33,1,32
318,318,이태원1동,외식업/한식음식점외식업/중식음식점외식업/일식음식점외식업/양식음식점외식업/제과점외식업/패스트푸드점외식업/커피-음료,446,33,413,433,30,403,419,36,383,443,34,409,430,29,401,416,36,380
319,319,이태원2동,외식업/한식음식점외식업/중식음식점외식업/일식음식점외식업/양식음식점외식업/제과점외식업/패스트푸드점외식업/커피-음료,281,21,260,266,19,247,221,16,205,280,21,259,244,18,226,217,16,201
320,320,이화동,외식업/한식음식점외식업/중식음식점외식업/일식음식점외식업/양식음식점외식업/제과점외식업/패스트푸드점외식업/커피-음료,313,74,239,319,77,242,352,93,259,319,74,245,322,73,249,354,93,261
321,321,인수동,외식업/한식음식점외식업/중식음식점외식업/일식음식점외식업/양식음식점외식업/제과점외식업/패스트푸드점외식업/커피-음료,172,16,156,169,15,154,176,18,158,171,15,156,169,15,154,183,17,166
322,322,인헌동,외식업/한식음식점외식업/중식음식점외식업/일식음식점외식업/양식음식점외식업/제과점외식업/패스트푸드점외식업/커피-음료,156,20,136,165,21,144,168,25,143,156,21,135,168,21,147,170,26,144
323,323,일원1동,외식업/한식음식점외식업/중식음식점외식업/일식음식점외식업/양식음식점외식업/제과점외식업/패스트푸드점외식업/커피-음료,149,25,124,149,29,120,141,31,110,148,26,122,148,30,118,141,30,111
324,324,일원2동,외식업/한식음식점외식업/중식음식점외식업/일식음식점외식업/양식음식점외식업/제과점외식업/패스트푸드점외식업/커피-음료,63,11,52,65,12,53,65,14,51,63,11,52,65,12,53,66,14,52
325,325,일원본동,외식업/한식음식점외식업/중식음식점외식업/일식음식점외식업/양식음식점외식업/제과점외식업/패스트푸드점외식업/커피-음료,39,6,33,38,7,31,43,10,33,39,6,33,39,7,32,43,10,33
326,326,자양1동,외식업/한식음식점외식업/중식음식점외식업/일식음식점외식업/양식음식점외식업/제과점외식업/패스트푸드점외식업/커피-음료,241,33,208,251,33,218,265,43,222,236,33,203,253,35,218,265,44,221
327,327,자양2동,외식업/한식음식점외식업/중식음식점외식업/일식음식점외식업/양식음식점외식업/제과점외식업/패스트푸드점외식업/커피-음료,163,28,135,155,26,129,163,31,132,159,29,130,158,25,133,159,31,128
328,328,자양3동,외식업/한식음식점외식업/중식음식점외식업/일식음식점외식업/양식음식점외식업/제과점외식업/패스트푸드점외식업/커피-음료,225,43,182,216,35,181,228,54,174,221,39,182,213,37,176,229,55,174
329,329,자양4동,외식업/한식음식점외식업/중식음식점외식업/일식음식점외식업/양식음식점외식업/제과점외식업/패스트푸드점외식업/커피-음료,340,49,291,334,47,287,347,45,302,331,49,282,341,47,294,354,46,308
330,330,잠실2동,외식업/한식음식점외식업/중식음식점외식업/일식음식점외식업/양식음식점외식업/제과점외식업/패스트푸드점외식업/커피-음료,84,17,67,84,17,67,85,18,67,80,17,63,84,17,67,83,16,67
331,331,잠실3동,외식업/한식음식점외식업/중식음식점외식업/일식음식점외식업/양식음식점외식업/제과점외식업/패스트푸드점외식업/커피-음료,186,39,147,174,37,137,186,51,135,182,39,143,172,39,133,181,50,131
332,332,잠실4동,외식업/한식음식점외식업/중식음식점외식업/일식음식점외식업/양식음식점외식업/제과점외식업/패스트푸드점외식업/커피-음료,40,7,33,38,6,32,37,6,31,40,7,33,34,6,28,35,6,29
333,333,잠실6동,외식업/한식음식점외식업/중식음식점외식업/일식음식점외식업/양식음식점외식업/제과점외식업/패스트푸드점외식업/커피-음료,329,63,266,326,64,262,346,83,263,330,66,264,328,63,265,352,81,271
334,334,잠실7동,외식업/한식음식점외식업/중식음식점외식업/일식음식점외식업/양식음식점외식업/제과점외식업/패스트푸드점외식업/커피-음료,15,2,13,16,2,14,16,2,14,16,2,14,16,2,14,16,2,14
335,335,잠실본동,외식업/한식음식점외식업/중식음식점외식업/일식음식점외식업/양식음식점외식업/제과점외식업/패스트푸드점외식업/커피-음료,580,113,467,588,114,474,600,136,464,582,111,471,598,116,482,604,137,467
336,336,잠원동,외식업/한식음식점외식업/중식음식점외식업/일식음식점외식업/양식음식점외식업/제과점외식업/패스트푸드점외식업/커피-음료,360,41,319,353,40,313,362,46,316,361,43,318,347,39,308,368,47,321
337,337,장안1동,외식업/한식음식점외식업/중식음식점외식업/일식음식점외식업/양식음식점외식업/제과점외식업/패스트푸드점외식업/커피-음료,457,56,401,454,54,400,471,66,405,455,55,400,454,51,403,475,66,409
338,338,장안2동,외식업/한식음식점외식업/중식음식점외식업/일식음식점외식업/양식음식점외식업/제과점외식업/패스트푸드점외식업/커피-음료,400,79,321,405,80,325,407,83,324,408,81,327,402,81,321,402,80,322
339,339,장위1동,외식업/한식음식점외식업/중식음식점외식업/일식음식점외식업/양식음식점외식업/제과점외식업/패스트푸드점외식업/커피-음료,95,9,86,95,8,87,104,13,91,96,9,87,99,9,90,105,13,92
340,340,장위2동,외식업/한식음식점외식업/중식음식점외식업/일식음식점외식업/양식음식점외식업/제과점외식업/패스트푸드점외식업/커피-음료,145,7,138,123,6,117,117,4,113,139,7,132,121,6,115,117,5,112
341,341,장위3동,외식업/한식음식점외식업/중식음식점외식업/일식음식점외식업/양식음식점외식업/제과점외식업/패스트푸드점외식업/커피-음료,77,6,71,71,7,64,69,7,62,78,8,70,70,7,63,67,6,61
342,342,장지동,외식업/한식음식점외식업/중식음식점외식업/일식음식점외식업/양식음식점외식업/제과점외식업/패스트푸드점외식업/커피-음료,152,18,134,149,19,130,161,24,137,146,19,127,153,19,134,160,23,137
343,343,장충동,외식업/한식음식점외식업/중식음식점외식업/일식음식점외식업/양식음식점외식업/제과점외식업/패스트푸드점외식업/커피-음료,119,14,105,118,13,105,122,12,110,119,14,105,115,13,102,124,14,110
344,344,전농1동,외식업/한식음식점외식업/중식음식점외식업/일식음식점외식업/양식음식점외식업/제과점외식업/패스트푸드점외식업/커피-음료,284,47,237,295,48,247,319,52,267,284,46,238,297,47,250,315,52,263
345,345,전농2동,외식업/한식음식점외식업/중식음식점외식업/일식음식점외식업/양식음식점외식업/제과점외식업/패스트푸드점외식업/커피-음료,94,24,70,97,25,72,102,28,74,94,25,69,94,23,71,102,29,73
346,346,정릉1동,외식업/한식음식점외식업/중식음식점외식업/일식음식점외식업/양식음식점외식업/제과점외식업/패스트푸드점외식업/커피-음료,85,14,71,87,15,72,92,17,75,83,15,68,88,15,73,92,16,76
347,347,정릉2동,외식업/한식음식점외식업/중식음식점외식업/일식음식점외식업/양식음식점외식업/제과점외식업/패스트푸드점외식업/커피-음료,101,20,81,102,22,80,95,22,73,105,21,84,99,21,78,102,22,80
348,348,정릉3동,외식업/한식음식점외식업/중식음식점외식업/일식음식점외식업/양식음식점외식업/제과점외식업/패스트푸드점외식업/커피-음료,112,14,98,114,15,99,119,19,100,115,14,101,118,15,103,120,19,101
349,349,정릉4동,외식업/한식음식점외식업/중식음식점외식업/일식음식점외식업/양식음식점외식업/제과점외식업/패스트푸드점외식업/커피-음료,120,16,104,118,16,102,123,20,103,118,16,102,120,15,105,125,20,105
350,350,제기동,외식업/한식음식점외식업/중식음식점외식업/일식음식점외식업/양식음식점외식업/제과점외식업/패스트푸드점외식업/커피-음료,341,10,331,335,11,324,352,14,338,337,10,327,336,10,326,365,13,352
351,351,조원동,외식업/한식음식점외식업/중식음식점외식업/일식음식점외식업/양식음식점외식업/제과점외식업/패스트푸드점외식업/커피-음료,275,33,242,282,29,253,276,40,236,282,35,247,284,31,253,281,38,243
352,352,종로1.2.3.4가동,외식업/한식음식점외식업/중식음식점외식업/일식음식점외식업/양식음식점외식업/제과점외식업/패스트푸드점외식업/커피-음료,1859,242,1617,1860,235,1625,1924,299,1625,1879,245,1634,1870,232,1638,1909,302,1607
353,353,종로5.6가동,외식업/한식음식점외식업/중식음식점외식업/일식음식점외식업/양식음식점외식업/제과점외식업/패스트푸드점외식업/커피-음료,429,31,398,448,40,408,442,43,399,435,32,403,447,42,405,442,42,400
354,354,종암동,외식업/한식음식점외식업/중식음식점외식업/일식음식점외식업/양식음식점외식업/제과점외식업/패스트푸드점외식업/커피-음료,218,35,183,226,32,194,241,43,198,222,35,187,231,35,196,239,43,196
355,355,중계1동,외식업/한식음식점외식업/중식음식점외식업/일식음식점외식업/양식음식점외식업/제과점외식업/패스트푸드점외식업/커피-음료,105,38,67,100,36,64,109,43,66,105,39,66,97,35,62,113,45,68
356,356,중계2.3동,외식업/한식음식점외식업/중식음식점외식업/일식음식점외식업/양식음식점외식업/제과점외식업/패스트푸드점외식업/커피-음료,124,29,95,120,28,92,131,34,97,123,31,92,120,29,91,133,37,96
357,357,중계4동,외식업/한식음식점외식업/중식음식점외식업/일식음식점외식업/양식음식점외식업/제과점외식업/패스트푸드점외식업/커피-음료,175,31,144,175,31,144,173,35,138,174,33,141,170,31,139,172,35,137
358,358,중계본동,외식업/한식음식점외식업/중식음식점외식업/일식음식점외식업/양식음식점외식업/제과점외식업/패스트푸드점외식업/커피-음료,148,31,117,147,31,116,146,34,112,146,32,114,143,28,115,147,34,113
359,359,중곡1동,외식업/한식음식점외식업/중식음식점외식업/일식음식점외식업/양식음식점외식업/제과점외식업/패스트푸드점외식업/커피-음료,166,10,156,172,11,161,181,11,170,169,11,158,175,12,163,191,15,176
360,360,중곡2동,외식업/한식음식점외식업/중식음식점외식업/일식음식점외식업/양식음식점외식업/제과점외식업/패스트푸드점외식업/커피-음료,185,26,159,189,24,165,193,25,168,184,24,160,189,24,165,192,25,167
361,361,중곡3동,외식업/한식음식점외식업/중식음식점외식업/일식음식점외식업/양식음식점외식업/제과점외식업/패스트푸드점외식업/커피-음료,151,23,128,143,21,122,149,27,122,148,23,125,148,22,126,152,26,126
362,362,중곡4동,외식업/한식음식점외식업/중식음식점외식업/일식음식점외식업/양식음식점외식업/제과점외식업/패스트푸드점외식업/커피-음료,158,20,138,149,22,127,162,22,140,163,20,143,146,20,126,167,23,144
363,363,중림동,외식업/한식음식점외식업/중식음식점외식업/일식음식점외식업/양식음식점외식업/제과점외식업/패스트푸드점외식업/커피-음료,175,28,147,183,30,153,184,31,153,179,30,149,185,31,154,182,30,152
364,364,중앙동,외식업/한식음식점외식업/중식음식점외식업/일식음식점외식업/양식음식점외식업/제과점외식업/패스트푸드점외식업/커피-음료,152,25,127,162,25,137,169,29,140,153,25,128,162,24,138,172,30,142
365,365,중화1동,외식업/한식음식점외식업/중식음식점외식업/일식음식점외식업/양식음식점외식업/제과점외식업/패스트푸드점외식업/커피-음료,77,7,70,81,8,73,83,10,73,75,7,68,83,9,74,82,10,72
366,366,중화2동,외식업/한식음식점외식업/중식음식점외식업/일식음식점외식업/양식음식점외식업/제과점외식업/패스트푸드점외식업/커피-음료,277,33,244,268,29,239,279,34,245,277,31,246,272,32,240,280,37,243
367,367,증산동,외식업/한식음식점외식업/중식음식점외식업/일식음식점외식업/양식음식점외식업/제과점외식업/패스트푸드점외식업/커피-음료,125,16,109,127,15,112,128,15,113,128,16,112,124,15,109,130,15,115
368,368,진관동,외식업/한식음식점외식업/중식음식점외식업/일식음식점외식업/양식음식점외식업/제과점외식업/패스트푸드점외식업/커피-음료,264,73,191,287,82,205,319,91,228,268,77,191,292,83,209,321,91,230
369,369,창1동,외식업/한식음식점외식업/중식음식점외식업/일식음식점외식업/양식음식점외식업/제과점외식업/패스트푸드점외식업/커피-음료,119,20,99,127,21,106,142,22,120,120,19,101,131,19,112,145,22,123
370,370,창2동,외식업/한식음식점외식업/중식음식점외식업/일식음식점외식업/양식음식점외식업/제과점외식업/패스트푸드점외식업/커피-음료,126,10,116,129,11,118,130,12,118,125,10,115,129,10,119,129,12,117
371,371,창3동,외식업/한식음식점외식업/중식음식점외식업/일식음식점외식업/양식음식점외식업/제과점외식업/패스트푸드점외식업/커피-음료,105,7,98,103,7,96,100,7,93,99,7,92,100,7,93,106,7,99
372,372,창4동,외식업/한식음식점외식업/중식음식점외식업/일식음식점외식업/양식음식점외식업/제과점외식업/패스트푸드점외식업/커피-음료,146,24,122,143,26,117,146,28,118,142,24,118,146,27,119,150,27,123
373,373,창5동,외식업/한식음식점외식업/중식음식점외식업/일식음식점외식업/양식음식점외식업/제과점외식업/패스트푸드점외식업/커피-음료,185,45,140,198,45,153,197,51,146,191,44,147,194,45,149,197,52,145
374,374,창신1동,외식업/한식음식점외식업/중식음식점외식업/일식음식점외식업/양식음식점외식업/제과점외식업/패스트푸드점외식업/커피-음료,168,9,159,161,8,153,162,9,153,166,8,158,164,9,155,159,11,148
375,375,창신2동,외식업/한식음식점외식업/중식음식점외식업/일식음식점외식업/양식음식점외식업/제과점외식업/패스트푸드점외식업/커피-음료,93,6,87,86,7,79,90,5,85,92,7,85,87,7,80,87,3,84
376,376,창신3동,외식업/한식음식점외식업/중식음식점외식업/일식음식점외식업/양식음식점외식업/제과점외식업/패스트푸드점외식업/커피-음료,23,3,20,22,3,19,22,3,19,24,3,21,21,3,18,22,3,19
377,377,천연동,외식업/한식음식점외식업/중식음식점외식업/일식음식점외식업/양식음식점외식업/제과점외식업/패스트푸드점외식업/커피-음료,125,15,110,124,15,109,125,18,107,125,15,110,126,16,110,130,18,112
378,378,천호1동,외식업/한식음식점외식업/중식음식점외식업/일식음식점외식업/양식음식점외식업/제과점외식업/패스트푸드점외식업/커피-음료,169,34,135,163,30,133,162,38,124,162,32,130,162,30,132,168,36,132
379,379,천호2동,외식업/한식음식점외식업/중식음식점외식업/일식음식점외식업/양식음식점외식업/제과점외식업/패스트푸드점외식업/커피-음료,495,74,421,502,72,430,511,89,422,501,74,427,495,72,423,515,85,430
380,380,천호3동,외식업/한식음식점외식업/중식음식점외식업/일식음식점외식업/양식음식점외식업/제과점외식업/패스트푸드점외식업/커피-음료,225,42,183,231,42,189,238,56,182,228,43,185,236,43,193,243,56,187
381,381,청구동,외식업/한식음식점외식업/중식음식점외식업/일식음식점외식업/양식음식점외식업/제과점외식업/패스트푸드점외식업/커피-음료,63,11,52,67,13,54,72,16,56,62,11,51,67,13,54,75,16,59
382,382,청담동,외식업/한식음식점외식업/중식음식점외식업/일식음식점외식업/양식음식점외식업/제과점외식업/패스트푸드점외식업/커피-음료,677,75,602,687,74,613,695,92,603,687,76,611,690,75,615,686,87,599
383,383,청량리동,외식업/한식음식점외식업/중식음식점외식업/일식음식점외식업/양식음식점외식업/제과점외식업/패스트푸드점외식업/커피-음료,251,21,230,243,20,223,242,19,223,251,21,230,244,21,223,247,20,227
384,384,청룡동,외식업/한식음식점외식업/중식음식점외식업/일식음식점외식업/양식음식점외식업/제과점외식업/패스트푸드점외식업/커피-음료,299,49,250,292,43,249,299,58,241,291,44,247,289,43,246,314,58,256
385,385,청림동,외식업/한식음식점외식업/중식음식점외식업/일식음식점외식업/양식음식점외식업/제과점외식업/패스트푸드점외식업/커피-음료,37,6,31,36,5,31,43,7,36,37,5,32,36,4,32,52,8,44
386,386,청운효자동,외식업/한식음식점외식업/중식음식점외식업/일식음식점외식업/양식음식점외식업/제과점외식업/패스트푸드점외식업/커피-음료,227,7,220,220,7,213,230,5,225,223,8,215,224,6,218,232,5,227
387,387,청파동,외식업/한식음식점외식업/중식음식점외식업/일식음식점외식업/양식음식점외식업/제과점외식업/패스트푸드점외식업/커피-음료,314,53,261,293,45,248,305,43,262,312,52,260,297,45,252,307,44,263
388,388,충현동,외식업/한식음식점외식업/중식음식점외식업/일식음식점외식업/양식음식점외식업/제과점외식업/패스트푸드점외식업/커피-음료,373,60,313,354,54,300,362,62,300,371,57,314,353,53,300,362,62,300
389,389,평창동,외식업/한식음식점외식업/중식음식점외식업/일식음식점외식업/양식음식점외식업/제과점외식업/패스트푸드점외식업/커피-음료,119,14,105,112,12,100,119,13,106,117,14,103,113,12,101,118,12,106
390,390,풍납1동,외식업/한식음식점외식업/중식음식점외식업/일식음식점외식업/양식음식점외식업/제과점외식업/패스트푸드점외식업/커피-음료,107,14,93,100,13,87,98,13,85,107,13,94,99,13,86,101,13,88
391,391,풍납2동,외식업/한식음식점외식업/중식음식점외식업/일식음식점외식업/양식음식점외식업/제과점외식업/패스트푸드점외식업/커피-음료,117,23,94,118,24,94,118,20,98,118,22,96,113,21,92,120,20,100
392,392,필동,외식업/한식음식점외식업/중식음식점외식업/일식음식점외식업/양식음식점외식업/제과점외식업/패스트푸드점외식업/커피-음료,365,63,302,373,61,312,371,65,306,374,64,310,374,60,314,374,62,312
393,393,하계1동,외식업/한식음식점외식업/중식음식점외식업/일식음식점외식업/양식음식점외식업/제과점외식업/패스트푸드점외식업/커피-음료,160,37,123,147,34,113,143,31,112,156,34,122,146,31,115,144,30,114
394,394,하계2동,외식업/한식음식점외식업/중식음식점외식업/일식음식점외식업/양식음식점외식업/제과점외식업/패스트푸드점외식업/커피-음료,30,5,25,29,3,26,27,3,24,29,4,25,30,3,27,26,3,23
395,395,한강로동,외식업/한식음식점외식업/중식음식점외식업/일식음식점외식업/양식음식점외식업/제과점외식업/패스트푸드점외식업/커피-음료,636,109,527,666,115,551,692,125,567,646,109,537,672,108,564,685,127,558
396,396,한남동,외식업/한식음식점외식업/중식음식점외식업/일식음식점외식업/양식음식점외식업/제과점외식업/패스트푸드점외식업/커피-음료,525,52,473,542,48,494,561,59,502,524,51,473,552,48,504,570,58,512
397,397,합정동,외식업/한식음식점외식업/중식음식점외식업/일식음식점외식업/양식음식점외식업/제과점외식업/패스트푸드점외식업/커피-음료,417,45,372,432,50,382,453,56,397,419,48,371,439,50,389,462,59,403
398,398,행당1동,외식업/한식음식점외식업/중식음식점외식업/일식음식점외식업/양식음식점외식업/제과점외식업/패스트푸드점외식업/커피-음료,229,58,171,240,65,175,252,73,179,235,61,174,241,65,176,248,72,176
399,399,행당2동,외식업/한식음식점외식업/중식음식점외식업/일식음식점외식업/양식음식점외식업/제과점외식업/패스트푸드점외식업/커피-음료,51,16,35,49,15,34,60,18,42,53,16,37,52,15,37,59,18,41
400,400,행운동,외식업/한식음식점외식업/중식음식점외식업/일식음식점외식업/양식음식점외식업/제과점외식업/패스트푸드점외식업/커피-음료,205,33,172,197,32,165,213,35,178,201,32,169,203,34,169,216,35,181
401,401,혜화동,외식업/한식음식점외식업/중식음식점외식업/일식음식점외식업/양식음식점외식업/제과점외식업/패스트푸드점외식업/커피-음료,484,82,402,486,76,410,508,85,423,485,83,402,492,72,420,510,86,424
402,402,홍은1동,외식업/한식음식점외식업/중식음식점외식업/일식음식점외식업/양식음식점외식업/제과점외식업/패스트푸드점외식업/커피-음료,93,14,79,101,18,83,102,19,83,94,16,78,104,19,85,103,17,86
403,403,홍은2동,외식업/한식음식점외식업/중식음식점외식업/일식음식점외식업/양식음식점외식업/제과점외식업/패스트푸드점외식업/커피-음료,154,27,127,160,28,132,177,35,142,160,30,130,167,29,138,171,34,137
404,404,홍제1동,외식업/한식음식점외식업/중식음식점외식업/일식음식점외식업/양식음식점외식업/제과점외식업/패스트푸드점외식업/커피-음료,146,24,122,145,24,121,151,27,124,146,24,122,145,24,121,150,28,122
405,405,홍제2동,외식업/한식음식점외식업/중식음식점외식업/일식음식점외식업/양식음식점외식업/제과점외식업/패스트푸드점외식업/커피-음료,66,16,50,71,14,57,64,17,47,68,15,53,72,15,57,64,17,47
406,406,홍제3동,외식업/한식음식점외식업/중식음식점외식업/일식음식점외식업/양식음식점외식업/제과점외식업/패스트푸드점외식업/커피-음료,170,27,143,170,26,144,170,28,142,169,26,143,170,27,143,173,28,145
407,407,화곡1동,외식업/한식음식점외식업/중식음식점외식업/일식음식점외식업/양식음식점외식업/제과점외식업/패스트푸드점외식업/커피-음료,372,56,316,364,54,310,395,57,338,368,56,312,365,55,310,403,58,345
408,408,화곡2동,외식업/한식음식점외식업/중식음식점외식업/일식음식점외식업/양식음식점외식업/제과점외식업/패스트푸드점외식업/커피-음료,42,6,36,44,6,38,48,8,40,44,7,37,46,7,39,49,8,41
409,409,화곡3동,외식업/한식음식점외식업/중식음식점외식업/일식음식점외식업/양식음식점외식업/제과점외식업/패스트푸드점외식업/커피-음료,181,33,148,184,32,152,189,35,154,178,33,145,183,32,151,191,38,153
410,410,화곡4동,외식업/한식음식점외식업/중식음식점외식업/일식음식점외식업/양식음식점외식업/제과점외식업/패스트푸드점외식업/커피-음료,184,21,163,180,18,162,182,25,157,186,22,164,182,20,162,184,23,161
411,411,화곡6동,외식업/한식음식점외식업/중식음식점외식업/일식음식점외식업/양식음식점외식업/제과점외식업/패스트푸드점외식업/커피-음료,304,50,254,292,45,247,307,46,261,301,53,248,291,44,247,311,42,269
412,412,화곡8동,외식업/한식음식점외식업/중식음식점외식업/일식음식점외식업/양식음식점외식업/제과점외식업/패스트푸드점외식업/커피-음료,142,23,119,149,26,123,157,30,127,145,23,122,156,28,128,161,33,128
413,413,화곡본동,외식업/한식음식점외식업/중식음식점외식업/일식음식점외식업/양식음식점외식업/제과점외식업/패스트푸드점외식업/커피-음료,162,28,134,162,31,131,180,33,147,157,29,128,167,30,137,182,34,148
414,414,화양동,외식업/한식음식점외식업/중식음식점외식업/일식음식점외식업/양식음식점외식업/제과점외식업/패스트푸드점외식업/커피-음료,600,139,461,604,127,477,641,130,511,594,138,456,598,122,476,642,135,507
415,415,황학동,외식업/한식음식점외식업/중식음식점외식업/일식음식점외식업/양식음식점외식업/제과점외식업/패스트푸드점외식업/커피-음료,196,22,174,183,20,163,186,26,160,193,22,171,185,21,164,190,26,164
416,416,회기동,외식업/한식음식점외식업/중식음식점외식업/일식음식점외식업/양식음식점외식업/제과점외식업/패스트푸드점외식업/커피-음료,335,72,263,343,68,275,362,80,282,335,67,268,354,67,287,365,81,284
417,417,회현동,외식업/한식음식점외식업/중식음식점외식업/일식음식점외식업/양식음식점외식업/제과점외식업/패스트푸드점외식업/커피-음료,560,101,459,547,105,442,550,121,429,569,106,463,541,103,438,553,118,435
418,418,효창동,외식업/한식음식점외식업/중식음식점외식업/일식음식점외식업/양식음식점외식업/제과점외식업/패스트푸드점외식업/커피-음료,54,6,48,56,5,51,53,6,47,53,5,48,57,5,52,52,6,46
419,419,후암동,외식업/한식음식점외식업/중식음식점외식업/일식음식점외식업/양식음식점외식업/제과점외식업/패스트푸드점외식업/커피-음료,148,10,138,154,10,144,158,13,145,149,11,138,158,10,148,167,13,154
420,420,휘경1동,외식업/한식음식점외식업/중식음식점외식업/일식음식점외식업/양식음식점외식업/제과점외식업/패스트푸드점외식업/커피-음료,151,30,121,148,29,119,135,27,108,154,30,124,146,29,117,131,27,104
421,421,휘경2동,외식업/한식음식점외식업/중식음식점외식업/일식음식점외식업/양식음식점외식업/제과점외식업/패스트푸드점외식업/커피-음료,97,11,86,97,10,87,103,10,93,98,12,86,98,10,88,107,9,98
422,422,흑석동,외식업/한식음식점외식업/중식음식점외식업/일식음식점외식업/양식음식점외식업/제과점외식업/패스트푸드점외식업/커피-음료,305,67,238,318,64,254,327,68,259,310,67,243,318,63,255,325,67,258
